0.000 0.0 1.0
0.100 0.0 1.0
0.200 0.0 1.0
0.300 0.0 1.0
0.400 0.0 1.0
0.500 0.0 1.0
0.600 0.0 1.0
0.700 0.0 1.0
0.800 0.0 1.0
0.900 0.0 1.0
1.000 0.0 1.0
1.100 0.0 1.0
1.200 0.0 1.0
1.300 0.0 1.0
1.400 0.0 1.0
1.500 0.0 1.0
1.600 0.0 1.0
1.700 0.0 1.0
1.800 0.0 1.0
1.900 0.0 1.0
2.000 0.0 1.0
2.100 0.0 1.0
2.200 0.0 1.0
2.300 0.0 1.0
2.400 0.0 1.0
2.500 0.0 1.0
2.600 0.0 1.0
2.700 0.0 1.0
2.800 0.0 1.0
2.900 0.0 1.0
3.000 0.0 1.0
3.100 0.0 1.0
3.200 0.0 1.0
3.300 0.0 1.0
3.400 0.0 1.0
3.500 0.0 1.0
3.600 0.0 1.0
3.700 0.0 1.0
3.800 0.0 1.0
3.900 0.0 1.0
4.000 0.0 1.0
4.100 0.0 1.0
4.200 0.0 1.0
4.300 0.0 1.0
4.400 0.0 1.0
4.500 0.0 1.0
4.600 0.0 1.0
4.700 0.0 1.0
4.800 0.0 1.0
4.900 0.0 1.0
5.000 0.005 0.995
5.100 0.005 0.995
5.200 0.005 0.995
5.300 0.005 0.995
5.400 0.005 0.995
5.500 0.01 0.99
5.600 0.01 0.99
5.700 0.015 0.985
5.800 0.015 0.985
5.900 0.02 0.98
6.000 0.03 0.97
6.100 0.035 0.965
6.200 0.035 0.965
6.300 0.04 0.96
6.400 0.04 0.96
6.500 0.06 0.94
6.600 0.06 0.94
6.700 0.07 0.93
6.800 0.075 0.925
6.900 0.1 0.9
7.000 0.12 0.88
7.100 0.135 0.865
7.200 0.145 0.855
7.300 0.18 0.82
7.400 0.205 0.795
7.500 0.21 0.79
7.600 0.235 0.765
7.700 0.275 0.725
7.800 0.31 0.69
7.900 0.32 0.68
8.000 0.37 0.63
8.100 0.39 0.61
8.200 0.435 0.565
8.300 0.455 0.545
8.400 0.47 0.53
8.500 0.48 0.52
8.600 0.495 0.505
8.700 0.51 0.49
8.800 0.53 0.47
8.900 0.55 0.45
9.000 0.555 0.445
9.100 0.56 0.44
9.200 0.57 0.43
9.300 0.565 0.435
9.400 0.58 0.42
9.500 0.59 0.41
9.600 0.605 0.395
9.700 0.625 0.375
9.800 0.63 0.37
9.900 0.64 0.36
10.000 0.655 0.345
10.100 0.655 0.345
10.200 0.655 0.345
10.300 0.66 0.34
10.400 0.665 0.335
10.500 0.67 0.33
10.600 0.68 0.32
10.700 0.685 0.315
10.800 0.69 0.31
10.900 0.695 0.305
11.000 0.7 0.3
11.100 0.695 0.305
11.200 0.695 0.305
11.300 0.7 0.3
11.400 0.695 0.305
11.500 0.705 0.295
11.600 0.705 0.295
11.700 0.705 0.295
11.800 0.71 0.29
11.900 0.715 0.285
12.000 0.72 0.28
12.100 0.73 0.27
12.200 0.725 0.275
12.300 0.725 0.275
12.400 0.725 0.275
12.500 0.725 0.275
12.600 0.735 0.265
12.700 0.73 0.27
12.800 0.715 0.285
12.900 0.715 0.285
13.000 0.72 0.28
13.100 0.715 0.285
13.200 0.715 0.285
13.300 0.705 0.295
13.400 0.7 0.3
13.500 0.69 0.31
13.600 0.685 0.315
13.700 0.675 0.325
13.800 0.675 0.325
13.900 0.675 0.325
14.000 0.675 0.325
14.100 0.665 0.335
14.200 0.665 0.335
14.300 0.655 0.345
14.400 0.655 0.345
14.500 0.645 0.355
14.600 0.635 0.365
14.700 0.63 0.37
14.800 0.615 0.385
14.900 0.61 0.39
15.000 0.605 0.395
15.100 0.6 0.4
15.200 0.595 0.405
15.300 0.595 0.405
15.400 0.595 0.405
15.500 0.59 0.41
15.600 0.59 0.41
15.700 0.58 0.42
15.800 0.575 0.425
15.900 0.57 0.43
16.000 0.57 0.43
16.100 0.56 0.44
16.200 0.56 0.44
16.300 0.56 0.44
16.400 0.555 0.445
16.500 0.555 0.445
16.600 0.555 0.445
16.700 0.555 0.445
16.800 0.55 0.45
16.900 0.545 0.455
17.000 0.545 0.455
17.100 0.545 0.455
17.200 0.54 0.46
17.300 0.54 0.46
17.400 0.535 0.465
17.500 0.535 0.465
17.600 0.535 0.465
17.700 0.535 0.465
17.800 0.53 0.47
17.900 0.53 0.47
18.000 0.53 0.47
18.100 0.53 0.47
18.200 0.53 0.47
18.300 0.53 0.47
18.400 0.53 0.47
18.500 0.53 0.47
18.600 0.53 0.47
18.700 0.53 0.47
18.800 0.53 0.47
18.900 0.53 0.47
19.000 0.53 0.47
19.100 0.53 0.47
19.200 0.53 0.47
19.300 0.53 0.47
19.400 0.53 0.47
19.500 0.535 0.465
19.600 0.535 0.465
19.700 0.535 0.465
19.800 0.535 0.465
19.900 0.535 0.465
20.000 0.535 0.465
20.100 0.535 0.465
20.200 0.535 0.465
20.300 0.535 0.465
20.400 0.535 0.465
20.500 0.535 0.465
20.600 0.535 0.465
20.700 0.535 0.465
20.800 0.535 0.465
20.900 0.535 0.465
21.000 0.535 0.465
21.100 0.535 0.465
21.200 0.535 0.465
21.300 0.535 0.465
21.400 0.535 0.465
21.500 0.535 0.465
21.600 0.535 0.465
21.700 0.535 0.465
21.800 0.535 0.465
21.900 0.535 0.465
22.000 0.535 0.465
22.100 0.535 0.465
22.200 0.535 0.465
22.300 0.535 0.465
22.400 0.535 0.465
22.500 0.535 0.465
22.600 0.535 0.465
22.700 0.54 0.46
22.800 0.545 0.455
22.900 0.545 0.455
23.000 0.545 0.455
23.100 0.55 0.45
23.200 0.55 0.45
23.300 0.55 0.45
23.400 0.55 0.45
23.500 0.55 0.45
23.600 0.55 0.45
23.700 0.555 0.445
23.800 0.555 0.445
23.900 0.555 0.445
24.000 0.555 0.445
24.100 0.555 0.445
24.200 0.56 0.44
24.300 0.565 0.435
24.400 0.57 0.43
24.500 0.575 0.425
24.600 0.58 0.42
24.700 0.585 0.415
24.800 0.59 0.41
24.900 0.59 0.41
25.000 0.6 0.4
25.100 0.605 0.395
25.200 0.605 0.395
25.300 0.605 0.395
25.400 0.61 0.39
25.500 0.62 0.38
25.600 0.625 0.375
25.700 0.625 0.375
25.800 0.625 0.375
25.900 0.635 0.365
26.000 0.64 0.36
26.100 0.65 0.35
26.200 0.66 0.34
26.300 0.665 0.335
26.400 0.665 0.335
26.500 0.675 0.325
26.600 0.68 0.32
26.700 0.68 0.32
26.800 0.68 0.32
26.900 0.68 0.32
27.000 0.68 0.32
27.100 0.69 0.31
27.200 0.705 0.295
27.300 0.71 0.29
27.400 0.715 0.285
27.500 0.715 0.285
27.600 0.72 0.28
27.700 0.72 0.28
27.800 0.72 0.28
27.900 0.725 0.275
28.000 0.725 0.275
28.100 0.74 0.26
28.200 0.75 0.25
28.300 0.75 0.25
28.400 0.745 0.255
28.500 0.75 0.25
28.600 0.755 0.245
28.700 0.755 0.245
28.800 0.76 0.24
28.900 0.765 0.235
29.000 0.77 0.23
29.100 0.77 0.23
29.200 0.775 0.225
29.300 0.78 0.22
29.400 0.79 0.21
29.500 0.79 0.21
29.600 0.795 0.205
29.700 0.805 0.195
29.800 0.815 0.185
29.900 0.825 0.175
30.000 0.82 0.18
30.100 0.82 0.18
30.200 0.81 0.19
30.300 0.81 0.19
30.400 0.81 0.19
30.500 0.81 0.19
30.600 0.81 0.19
30.700 0.81 0.19
30.800 0.81 0.19
30.900 0.815 0.185
31.000 0.815 0.185
31.100 0.815 0.185
31.200 0.815 0.185
31.300 0.815 0.185
31.400 0.815 0.185
31.500 0.815 0.185
31.600 0.825 0.175
31.700 0.82 0.18
31.800 0.82 0.18
31.900 0.825 0.175
32.000 0.825 0.175
32.100 0.825 0.175
32.200 0.825 0.175
32.300 0.825 0.175
32.400 0.825 0.175
32.500 0.825 0.175
32.600 0.83 0.17
32.700 0.835 0.165
32.800 0.835 0.165
32.900 0.84 0.16
33.000 0.84 0.16
33.100 0.835 0.165
33.200 0.835 0.165
33.300 0.835 0.165
33.400 0.835 0.165
33.500 0.835 0.165
33.600 0.83 0.17
33.700 0.82 0.18
33.800 0.82 0.18
33.900 0.825 0.175
34.000 0.825 0.175
34.100 0.825 0.175
34.200 0.82 0.18
34.300 0.82 0.18
34.400 0.81 0.19
34.500 0.81 0.19
34.600 0.81 0.19
34.700 0.81 0.19
34.800 0.81 0.19
34.900 0.81 0.19
35.000 0.805 0.195
35.100 0.805 0.195
35.200 0.8 0.2
35.300 0.795 0.205
35.400 0.795 0.205
35.500 0.795 0.205
35.600 0.795 0.205
35.700 0.795 0.205
35.800 0.79 0.21
35.900 0.79 0.21
36.000 0.785 0.215
36.100 0.785 0.215
36.200 0.785 0.215
36.300 0.785 0.215
36.400 0.785 0.215
36.500 0.78 0.22
36.600 0.78 0.22
36.700 0.78 0.22
36.800 0.78 0.22
36.900 0.775 0.225
37.000 0.775 0.225
37.100 0.77 0.23
37.200 0.77 0.23
37.300 0.77 0.23
37.400 0.77 0.23
37.500 0.77 0.23
37.600 0.775 0.225
37.700 0.775 0.225
37.800 0.775 0.225
37.900 0.775 0.225
38.000 0.775 0.225
38.100 0.775 0.225
38.200 0.775 0.225
38.300 0.775 0.225
38.400 0.775 0.225
38.500 0.775 0.225
38.600 0.775 0.225
38.700 0.775 0.225
38.800 0.775 0.225
38.900 0.775 0.225
39.000 0.775 0.225
39.100 0.775 0.225
39.200 0.775 0.225
39.300 0.78 0.22
39.400 0.78 0.22
39.500 0.78 0.22
39.600 0.78 0.22
39.700 0.78 0.22
39.800 0.78 0.22
39.900 0.78 0.22
40.000 0.78 0.22
40.100 0.78 0.22
40.200 0.78 0.22
40.300 0.78 0.22
40.400 0.78 0.22
40.500 0.78 0.22
40.600 0.78 0.22
40.700 0.78 0.22
40.800 0.78 0.22
40.900 0.78 0.22
41.000 0.78 0.22
41.100 0.78 0.22
41.200 0.78 0.22
41.300 0.78 0.22
41.400 0.78 0.22
41.500 0.78 0.22
41.600 0.78 0.22
41.700 0.78 0.22
41.800 0.78 0.22
41.900 0.78 0.22
42.000 0.78 0.22
42.100 0.78 0.22
42.200 0.78 0.22
42.300 0.78 0.22
42.400 0.78 0.22
42.500 0.78 0.22
42.600 0.78 0.22
42.700 0.78 0.22
42.800 0.78 0.22
42.900 0.78 0.22
43.000 0.78 0.22
43.100 0.785 0.215
43.200 0.79 0.21
43.300 0.79 0.21
43.400 0.79 0.21
43.500 0.79 0.21
43.600 0.79 0.21
43.700 0.79 0.21
43.800 0.79 0.21
43.900 0.79 0.21
44.000 0.795 0.205
44.100 0.8 0.2
44.200 0.8 0.2
44.300 0.805 0.195
44.400 0.805 0.195
44.500 0.805 0.195
44.600 0.805 0.195
44.700 0.805 0.195
44.800 0.81 0.19
44.900 0.815 0.185
45.000 0.815 0.185
45.100 0.815 0.185
45.200 0.815 0.185
45.300 0.815 0.185
45.400 0.815 0.185
45.500 0.825 0.175
45.600 0.835 0.165
45.700 0.835 0.165
45.800 0.835 0.165
45.900 0.83 0.17
46.000 0.835 0.165
46.100 0.835 0.165
46.200 0.835 0.165
46.300 0.845 0.155
46.400 0.845 0.155
46.500 0.845 0.155
46.600 0.85 0.15
46.700 0.855 0.145
46.800 0.86 0.14
46.900 0.86 0.14
47.000 0.86 0.14
47.100 0.865 0.135
47.200 0.87 0.13
47.300 0.87 0.13
47.400 0.87 0.13
47.500 0.87 0.13
47.600 0.87 0.13
47.700 0.875 0.125
47.800 0.875 0.125
47.900 0.875 0.125
48.000 0.875 0.125
48.100 0.875 0.125
48.200 0.875 0.125
48.300 0.88 0.12
48.400 0.885 0.115
48.500 0.885 0.115
48.600 0.89 0.11
48.700 0.89 0.11
48.800 0.895 0.105
48.900 0.895 0.105
49.000 0.89 0.11
49.100 0.89 0.11
49.200 0.895 0.105
49.300 0.895 0.105
49.400 0.89 0.11
49.500 0.89 0.11
49.600 0.89 0.11
49.700 0.885 0.115
49.800 0.885 0.115
49.900 0.885 0.115
50.000 0.885 0.115
50.100 0.89 0.11
50.200 0.89 0.11
50.300 0.895 0.105
50.400 0.895 0.105
50.500 0.895 0.105
50.600 0.895 0.105
50.700 0.895 0.105
50.800 0.895 0.105
50.900 0.895 0.105
51.000 0.895 0.105
51.100 0.895 0.105
51.200 0.895 0.105
51.300 0.895 0.105
51.400 0.895 0.105
51.500 0.895 0.105
51.600 0.895 0.105
51.700 0.895 0.105
51.800 0.895 0.105
51.900 0.9 0.1
52.000 0.9 0.1
52.100 0.9 0.1
52.200 0.9 0.1
52.300 0.9 0.1
52.400 0.9 0.1
52.500 0.9 0.1
52.600 0.9 0.1
52.700 0.9 0.1
52.800 0.9 0.1
52.900 0.9 0.1
53.000 0.9 0.1
53.100 0.895 0.105
53.200 0.9 0.1
53.300 0.9 0.1
53.400 0.9 0.1
53.500 0.9 0.1
53.600 0.9 0.1
53.700 0.9 0.1
53.800 0.9 0.1
53.900 0.9 0.1
54.000 0.9 0.1
54.100 0.9 0.1
54.200 0.9 0.1
54.300 0.9 0.1
54.400 0.9 0.1
54.500 0.9 0.1
54.600 0.9 0.1
54.700 0.9 0.1
54.800 0.9 0.1
54.900 0.9 0.1
55.000 0.9 0.1
55.100 0.9 0.1
55.200 0.9 0.1
55.300 0.9 0.1
55.400 0.9 0.1
55.500 0.895 0.105
55.600 0.895 0.105
55.700 0.895 0.105
55.800 0.895 0.105
55.900 0.895 0.105
56.000 0.895 0.105
56.100 0.895 0.105
56.200 0.895 0.105
56.300 0.9 0.1
56.400 0.9 0.1
56.500 0.9 0.1
56.600 0.9 0.1
56.700 0.9 0.1
56.800 0.9 0.1
56.900 0.9 0.1
57.000 0.9 0.1
57.100 0.9 0.1
57.200 0.9 0.1
57.300 0.9 0.1
57.400 0.9 0.1
57.500 0.9 0.1
57.600 0.9 0.1
57.700 0.895 0.105
57.800 0.895 0.105
57.900 0.895 0.105
58.000 0.895 0.105
58.100 0.895 0.105
58.200 0.895 0.105
58.300 0.895 0.105
58.400 0.895 0.105
58.500 0.895 0.105
58.600 0.895 0.105
58.700 0.895 0.105
58.800 0.895 0.105
58.900 0.895 0.105
59.000 0.895 0.105
59.100 0.895 0.105
59.200 0.895 0.105
59.300 0.895 0.105
59.400 0.895 0.105
59.500 0.895 0.105
59.600 0.895 0.105
59.700 0.895 0.105
59.800 0.895 0.105
59.900 0.895 0.105
60.000 0.895 0.105
