0.000 0.0 1.0
0.100 0.0 1.0
0.200 0.0 1.0
0.300 0.0 1.0
0.400 0.0 1.0
0.500 0.0 1.0
0.600 0.0 1.0
0.700 0.0 1.0
0.800 0.0 1.0
0.900 0.0 1.0
1.000 0.0 1.0
1.100 0.0 1.0
1.200 0.0 1.0
1.300 0.0 1.0
1.400 0.0 1.0
1.500 0.0 1.0
1.600 0.0 1.0
1.700 0.0 1.0
1.800 0.0 1.0
1.900 0.0 1.0
2.000 0.0 1.0
2.100 0.0 1.0
2.200 0.0 1.0
2.300 0.0 1.0
2.400 0.0 1.0
2.500 0.0 1.0
2.600 0.0 1.0
2.700 0.0 1.0
2.800 0.0 1.0
2.900 0.0 1.0
3.000 0.0 1.0
3.100 0.0 1.0
3.200 0.0 1.0
3.300 0.0 1.0
3.400 0.0 1.0
3.500 0.0 1.0
3.600 0.0 1.0
3.700 0.0 1.0
3.800 0.0 1.0
3.900 0.0 1.0
4.000 0.0 1.0
4.100 0.0 1.0
4.200 0.0 1.0
4.300 0.0 1.0
4.400 0.0 1.0
4.500 0.0 1.0
4.600 0.0 1.0
4.700 0.0 1.0
4.800 0.0 1.0
4.900 0.0 1.0
5.000 0.0 1.0
5.100 0.0 1.0
5.200 0.0 1.0
5.300 0.0 1.0
5.400 0.0 1.0
5.500 0.0 1.0
5.600 0.005 0.995
5.700 0.005 0.995
5.800 0.01 0.99
5.900 0.01 0.99
6.000 0.015 0.985
6.100 0.02 0.98
6.200 0.03 0.97
6.300 0.035 0.965
6.400 0.035 0.965
6.500 0.04 0.96
6.600 0.045 0.955
6.700 0.05 0.95
6.800 0.065 0.935
6.900 0.095 0.905
7.000 0.11 0.89
7.100 0.11 0.89
7.200 0.12 0.88
7.300 0.14 0.86
7.400 0.16 0.84
7.500 0.165 0.835
7.600 0.21 0.79
7.700 0.23 0.77
7.800 0.265 0.735
7.900 0.28 0.72
8.000 0.305 0.695
8.100 0.355 0.645
8.200 0.37 0.63
8.300 0.38 0.62
8.400 0.41 0.59
8.500 0.43 0.57
8.600 0.44 0.56
8.700 0.46 0.54
8.800 0.465 0.535
8.900 0.475 0.525
9.000 0.49 0.51
9.100 0.495 0.505
9.200 0.53 0.47
9.300 0.55 0.45
9.400 0.555 0.445
9.500 0.56 0.44
9.600 0.565 0.435
9.700 0.58 0.42
9.800 0.59 0.41
9.900 0.595 0.405
10.000 0.6 0.4
10.100 0.61 0.39
10.200 0.615 0.385
10.300 0.615 0.385
10.400 0.635 0.365
10.500 0.635 0.365
10.600 0.635 0.365
10.700 0.64 0.36
10.800 0.65 0.35
10.900 0.665 0.335
11.000 0.665 0.335
11.100 0.665 0.335
11.200 0.685 0.315
11.300 0.685 0.315
11.400 0.69 0.31
11.500 0.705 0.295
11.600 0.715 0.285
11.700 0.715 0.285
11.800 0.72 0.28
11.900 0.73 0.27
12.000 0.73 0.27
12.100 0.735 0.265
12.200 0.74 0.26
12.300 0.74 0.26
12.400 0.745 0.255
12.500 0.75 0.25
12.600 0.75 0.25
12.700 0.745 0.255
12.800 0.755 0.245
12.900 0.75 0.25
13.000 0.75 0.25
13.100 0.75 0.25
13.200 0.75 0.25
13.300 0.75 0.25
13.400 0.75 0.25
13.500 0.75 0.25
13.600 0.75 0.25
13.700 0.74 0.26
13.800 0.74 0.26
13.900 0.735 0.265
14.000 0.725 0.275
14.100 0.72 0.28
14.200 0.72 0.28
14.300 0.72 0.28
14.400 0.715 0.285
14.500 0.7 0.3
14.600 0.7 0.3
14.700 0.695 0.305
14.800 0.695 0.305
14.900 0.695 0.305
15.000 0.695 0.305
15.100 0.69 0.31
15.200 0.69 0.31
15.300 0.675 0.325
15.400 0.67 0.33
15.500 0.67 0.33
15.600 0.66 0.34
15.700 0.66 0.34
15.800 0.66 0.34
15.900 0.66 0.34
16.000 0.66 0.34
16.100 0.66 0.34
16.200 0.66 0.34
16.300 0.655 0.345
16.400 0.65 0.35
16.500 0.645 0.355
16.600 0.64 0.36
16.700 0.64 0.36
16.800 0.64 0.36
16.900 0.635 0.365
17.000 0.635 0.365
17.100 0.635 0.365
17.200 0.635 0.365
17.300 0.635 0.365
17.400 0.635 0.365
17.500 0.635 0.365
17.600 0.625 0.375
17.700 0.625 0.375
17.800 0.625 0.375
17.900 0.625 0.375
18.000 0.625 0.375
18.100 0.625 0.375
18.200 0.625 0.375
18.300 0.625 0.375
18.400 0.625 0.375
18.500 0.625 0.375
18.600 0.625 0.375
18.700 0.625 0.375
18.800 0.625 0.375
18.900 0.625 0.375
19.000 0.625 0.375
19.100 0.625 0.375
19.200 0.625 0.375
19.300 0.625 0.375
19.400 0.625 0.375
19.500 0.625 0.375
19.600 0.625 0.375
19.700 0.625 0.375
19.800 0.625 0.375
19.900 0.625 0.375
20.000 0.625 0.375
20.100 0.625 0.375
20.200 0.625 0.375
20.300 0.625 0.375
20.400 0.625 0.375
20.500 0.625 0.375
20.600 0.625 0.375
20.700 0.625 0.375
20.800 0.625 0.375
20.900 0.625 0.375
21.000 0.625 0.375
21.100 0.625 0.375
21.200 0.625 0.375
21.300 0.625 0.375
21.400 0.625 0.375
21.500 0.625 0.375
21.600 0.625 0.375
21.700 0.625 0.375
21.800 0.63 0.37
21.900 0.63 0.37
22.000 0.63 0.37
22.100 0.63 0.37
22.200 0.63 0.37
22.300 0.63 0.37
22.400 0.63 0.37
22.500 0.63 0.37
22.600 0.63 0.37
22.700 0.63 0.37
22.800 0.63 0.37
22.900 0.63 0.37
23.000 0.63 0.37
23.100 0.63 0.37
23.200 0.63 0.37
23.300 0.63 0.37
23.400 0.63 0.37
23.500 0.63 0.37
23.600 0.63 0.37
23.700 0.63 0.37
23.800 0.63 0.37
23.900 0.63 0.37
24.000 0.63 0.37
24.100 0.635 0.365
24.200 0.64 0.36
24.300 0.64 0.36
24.400 0.645 0.355
24.500 0.645 0.355
24.600 0.65 0.35
24.700 0.65 0.35
24.800 0.65 0.35
24.900 0.65 0.35
25.000 0.66 0.34
25.100 0.665 0.335
25.200 0.665 0.335
25.300 0.665 0.335
25.400 0.665 0.335
25.500 0.67 0.33
25.600 0.675 0.325
25.700 0.68 0.32
25.800 0.685 0.315
25.900 0.695 0.305
26.000 0.695 0.305
26.100 0.695 0.305
26.200 0.695 0.305
26.300 0.705 0.295
26.400 0.72 0.28
26.500 0.72 0.28
26.600 0.725 0.275
26.700 0.74 0.26
26.800 0.75 0.25
26.900 0.75 0.25
27.000 0.755 0.245
27.100 0.76 0.24
27.200 0.76 0.24
27.300 0.77 0.23
27.400 0.775 0.225
27.500 0.78 0.22
27.600 0.78 0.22
27.700 0.795 0.205
27.800 0.8 0.2
27.900 0.805 0.195
28.000 0.81 0.19
28.100 0.81 0.19
28.200 0.815 0.185
28.300 0.815 0.185
28.400 0.825 0.175
28.500 0.83 0.17
28.600 0.83 0.17
28.700 0.83 0.17
28.800 0.83 0.17
28.900 0.835 0.165
29.000 0.835 0.165
29.100 0.835 0.165
29.200 0.84 0.16
29.300 0.84 0.16
29.400 0.845 0.155
29.500 0.85 0.15
29.600 0.86 0.14
29.700 0.87 0.13
29.800 0.885 0.115
29.900 0.89 0.11
30.000 0.89 0.11
30.100 0.885 0.115
30.200 0.885 0.115
30.300 0.885 0.115
30.400 0.885 0.115
30.500 0.885 0.115
30.600 0.88 0.12
30.700 0.875 0.125
30.800 0.875 0.125
30.900 0.875 0.125
31.000 0.88 0.12
31.100 0.885 0.115
31.200 0.885 0.115
31.300 0.885 0.115
31.400 0.885 0.115
31.500 0.88 0.12
31.600 0.885 0.115
31.700 0.885 0.115
31.800 0.885 0.115
31.900 0.885 0.115
32.000 0.885 0.115
32.100 0.885 0.115
32.200 0.885 0.115
32.300 0.885 0.115
32.400 0.885 0.115
32.500 0.885 0.115
32.600 0.885 0.115
32.700 0.885 0.115
32.800 0.885 0.115
32.900 0.885 0.115
33.000 0.885 0.115
33.100 0.885 0.115
33.200 0.885 0.115
33.300 0.885 0.115
33.400 0.885 0.115
33.500 0.885 0.115
33.600 0.885 0.115
33.700 0.885 0.115
33.800 0.885 0.115
33.900 0.885 0.115
34.000 0.885 0.115
34.100 0.885 0.115
34.200 0.885 0.115
34.300 0.88 0.12
34.400 0.88 0.12
34.500 0.88 0.12
34.600 0.88 0.12
34.700 0.88 0.12
34.800 0.88 0.12
34.900 0.88 0.12
35.000 0.88 0.12
35.100 0.88 0.12
35.200 0.88 0.12
35.300 0.88 0.12
35.400 0.88 0.12
35.500 0.875 0.125
35.600 0.87 0.13
35.700 0.87 0.13
35.800 0.87 0.13
35.900 0.87 0.13
36.000 0.87 0.13
36.100 0.87 0.13
36.200 0.87 0.13
36.300 0.87 0.13
36.400 0.87 0.13
36.500 0.87 0.13
36.600 0.87 0.13
36.700 0.87 0.13
36.800 0.87 0.13
36.900 0.87 0.13
37.000 0.87 0.13
37.100 0.87 0.13
37.200 0.87 0.13
37.300 0.87 0.13
37.400 0.87 0.13
37.500 0.87 0.13
37.600 0.87 0.13
37.700 0.87 0.13
37.800 0.87 0.13
37.900 0.87 0.13
38.000 0.87 0.13
38.100 0.87 0.13
38.200 0.87 0.13
38.300 0.87 0.13
38.400 0.87 0.13
38.500 0.87 0.13
38.600 0.87 0.13
38.700 0.87 0.13
38.800 0.875 0.125
38.900 0.875 0.125
39.000 0.875 0.125
39.100 0.875 0.125
39.200 0.875 0.125
39.300 0.875 0.125
39.400 0.875 0.125
39.500 0.875 0.125
39.600 0.875 0.125
39.700 0.875 0.125
39.800 0.875 0.125
39.900 0.875 0.125
40.000 0.875 0.125
40.100 0.875 0.125
40.200 0.875 0.125
40.300 0.875 0.125
40.400 0.875 0.125
40.500 0.875 0.125
40.600 0.875 0.125
40.700 0.875 0.125
40.800 0.875 0.125
40.900 0.875 0.125
41.000 0.875 0.125
41.100 0.875 0.125
41.200 0.875 0.125
41.300 0.875 0.125
41.400 0.875 0.125
41.500 0.875 0.125
41.600 0.875 0.125
41.700 0.875 0.125
41.800 0.875 0.125
41.900 0.875 0.125
42.000 0.875 0.125
42.100 0.875 0.125
42.200 0.875 0.125
42.300 0.875 0.125
42.400 0.875 0.125
42.500 0.875 0.125
42.600 0.875 0.125
42.700 0.875 0.125
42.800 0.875 0.125
42.900 0.875 0.125
43.000 0.875 0.125
43.100 0.875 0.125
43.200 0.875 0.125
43.300 0.875 0.125
43.400 0.875 0.125
43.500 0.875 0.125
43.600 0.875 0.125
43.700 0.875 0.125
43.800 0.875 0.125
43.900 0.875 0.125
44.000 0.875 0.125
44.100 0.875 0.125
44.200 0.875 0.125
44.300 0.875 0.125
44.400 0.875 0.125
44.500 0.875 0.125
44.600 0.875 0.125
44.700 0.875 0.125
44.800 0.875 0.125
44.900 0.88 0.12
45.000 0.88 0.12
45.100 0.88 0.12
45.200 0.875 0.125
45.300 0.875 0.125
45.400 0.875 0.125
45.500 0.88 0.12
45.600 0.88 0.12
45.700 0.88 0.12
45.800 0.885 0.115
45.900 0.88 0.12
46.000 0.885 0.115
46.100 0.89 0.11
46.200 0.89 0.11
46.300 0.895 0.105
46.400 0.895 0.105
46.500 0.895 0.105
46.600 0.9 0.1
46.700 0.9 0.1
46.800 0.9 0.1
46.900 0.9 0.1
47.000 0.905 0.095
47.100 0.905 0.095
47.200 0.91 0.09
47.300 0.91 0.09
47.400 0.91 0.09
47.500 0.91 0.09
47.600 0.915 0.085
47.700 0.925 0.075
47.800 0.925 0.075
47.900 0.925 0.075
48.000 0.925 0.075
48.100 0.925 0.075
48.200 0.93 0.07
48.300 0.93 0.07
48.400 0.93 0.07
48.500 0.93 0.07
48.600 0.93 0.07
48.700 0.935 0.065
48.800 0.935 0.065
48.900 0.935 0.065
49.000 0.935 0.065
49.100 0.935 0.065
49.200 0.935 0.065
49.300 0.935 0.065
49.400 0.94 0.06
49.500 0.94 0.06
49.600 0.94 0.06
49.700 0.94 0.06
49.800 0.94 0.06
49.900 0.94 0.06
50.000 0.94 0.06
50.100 0.935 0.065
50.200 0.935 0.065
50.300 0.935 0.065
50.400 0.935 0.065
50.500 0.935 0.065
50.600 0.935 0.065
50.700 0.935 0.065
50.800 0.935 0.065
50.900 0.935 0.065
51.000 0.935 0.065
51.100 0.935 0.065
51.200 0.935 0.065
51.300 0.935 0.065
51.400 0.935 0.065
51.500 0.935 0.065
51.600 0.935 0.065
51.700 0.94 0.06
51.800 0.94 0.06
51.900 0.94 0.06
52.000 0.94 0.06
52.100 0.945 0.055
52.200 0.945 0.055
52.300 0.945 0.055
52.400 0.945 0.055
52.500 0.945 0.055
52.600 0.945 0.055
52.700 0.945 0.055
52.800 0.945 0.055
52.900 0.94 0.06
53.000 0.94 0.06
53.100 0.94 0.06
53.200 0.94 0.06
53.300 0.94 0.06
53.400 0.94 0.06
53.500 0.94 0.06
53.600 0.94 0.06
53.700 0.94 0.06
53.800 0.94 0.06
53.900 0.94 0.06
54.000 0.94 0.06
54.100 0.94 0.06
54.200 0.94 0.06
54.300 0.94 0.06
54.400 0.94 0.06
54.500 0.94 0.06
54.600 0.94 0.06
54.700 0.94 0.06
54.800 0.945 0.055
54.900 0.945 0.055
55.000 0.945 0.055
55.100 0.945 0.055
55.200 0.945 0.055
55.300 0.945 0.055
55.400 0.945 0.055
55.500 0.945 0.055
55.600 0.945 0.055
55.700 0.945 0.055
55.800 0.945 0.055
55.900 0.945 0.055
56.000 0.945 0.055
56.100 0.945 0.055
56.200 0.945 0.055
56.300 0.945 0.055
56.400 0.945 0.055
56.500 0.945 0.055
56.600 0.945 0.055
56.700 0.945 0.055
56.800 0.945 0.055
56.900 0.945 0.055
57.000 0.945 0.055
57.100 0.945 0.055
57.200 0.945 0.055
57.300 0.945 0.055
57.400 0.945 0.055
57.500 0.945 0.055
57.600 0.945 0.055
57.700 0.945 0.055
57.800 0.945 0.055
57.900 0.945 0.055
58.000 0.945 0.055
58.100 0.945 0.055
58.200 0.945 0.055
58.300 0.945 0.055
58.400 0.945 0.055
58.500 0.945 0.055
58.600 0.945 0.055
58.700 0.945 0.055
58.800 0.945 0.055
58.900 0.945 0.055
59.000 0.945 0.055
59.100 0.945 0.055
59.200 0.945 0.055
59.300 0.945 0.055
59.400 0.945 0.055
59.500 0.945 0.055
59.600 0.945 0.055
59.700 0.945 0.055
59.800 0.945 0.055
59.900 0.945 0.055
60.000 0.945 0.055
