0.000 0.0 1.0
0.100 0.0 1.0
0.200 0.0 1.0
0.300 0.0 1.0
0.400 0.0 1.0
0.500 0.0 1.0
0.600 0.0 1.0
0.700 0.0 1.0
0.800 0.0 1.0
0.900 0.0 1.0
1.000 0.0 1.0
1.100 0.0 1.0
1.200 0.0 1.0
1.300 0.0 1.0
1.400 0.0 1.0
1.500 0.0 1.0
1.600 0.0 1.0
1.700 0.0 1.0
1.800 0.0 1.0
1.900 0.0 1.0
2.000 0.0 1.0
2.100 0.0 1.0
2.200 0.0 1.0
2.300 0.0 1.0
2.400 0.0 1.0
2.500 0.0 1.0
2.600 0.0 1.0
2.700 0.0 1.0
2.800 0.0 1.0
2.900 0.0 1.0
3.000 0.0 1.0
3.100 0.0 1.0
3.200 0.0 1.0
3.300 0.0 1.0
3.400 0.0 1.0
3.500 0.0 1.0
3.600 0.0 1.0
3.700 0.0 1.0
3.800 0.0 1.0
3.900 0.0 1.0
4.000 0.0 1.0
4.100 0.0 1.0
4.200 0.0 1.0
4.300 0.0 1.0
4.400 0.0 1.0
4.500 0.0 1.0
4.600 0.0 1.0
4.700 0.0 1.0
4.800 0.0 1.0
4.900 0.0 1.0
5.000 0.0 1.0
5.100 0.0 1.0
5.200 0.0 1.0
5.300 0.0 1.0
5.400 0.0 1.0
5.500 0.0 1.0
5.600 0.0 1.0
5.700 0.0 1.0
5.800 0.0 1.0
5.900 0.0 1.0
6.000 0.0 1.0
6.100 0.005 0.995
6.200 0.005 0.995
6.300 0.015 0.985
6.400 0.015 0.985
6.500 0.015 0.985
6.600 0.02 0.98
6.700 0.02 0.98
6.800 0.035 0.965
6.900 0.045 0.955
7.000 0.05 0.95
7.100 0.07 0.93
7.200 0.08 0.92
7.300 0.085 0.915
7.400 0.095 0.905
7.500 0.13 0.87
7.600 0.145 0.855
7.700 0.18 0.82
7.800 0.235 0.765
7.900 0.275 0.725
8.000 0.32 0.68
8.100 0.345 0.655
8.200 0.365 0.635
8.300 0.41 0.59
8.400 0.435 0.565
8.500 0.46 0.54
8.600 0.49 0.51
8.700 0.515 0.485
8.800 0.545 0.455
8.900 0.555 0.445
9.000 0.56 0.44
9.100 0.575 0.425
9.200 0.58 0.42
9.300 0.595 0.405
9.400 0.615 0.385
9.500 0.63 0.37
9.600 0.65 0.35
9.700 0.67 0.33
9.800 0.68 0.32
9.900 0.685 0.315
10.000 0.705 0.295
10.100 0.705 0.295
10.200 0.71 0.29
10.300 0.725 0.275
10.400 0.725 0.275
10.500 0.73 0.27
10.600 0.73 0.27
10.700 0.745 0.255
10.800 0.75 0.25
10.900 0.755 0.245
11.000 0.76 0.24
11.100 0.765 0.235
11.200 0.775 0.225
11.300 0.775 0.225
11.400 0.78 0.22
11.500 0.78 0.22
11.600 0.785 0.215
11.700 0.79 0.21
11.800 0.79 0.21
11.900 0.79 0.21
12.000 0.795 0.205
12.100 0.795 0.205
12.200 0.8 0.2
12.300 0.805 0.195
12.400 0.81 0.19
12.500 0.805 0.195
12.600 0.805 0.195
12.700 0.81 0.19
12.800 0.81 0.19
12.900 0.815 0.185
13.000 0.81 0.19
13.100 0.805 0.195
13.200 0.805 0.195
13.300 0.805 0.195
13.400 0.805 0.195
13.500 0.805 0.195
13.600 0.8 0.2
13.700 0.8 0.2
13.800 0.79 0.21
13.900 0.79 0.21
14.000 0.785 0.215
14.100 0.78 0.22
14.200 0.77 0.23
14.300 0.77 0.23
14.400 0.765 0.235
14.500 0.765 0.235
14.600 0.765 0.235
14.700 0.76 0.24
14.800 0.755 0.245
14.900 0.75 0.25
15.000 0.75 0.25
15.100 0.74 0.26
15.200 0.735 0.265
15.300 0.735 0.265
15.400 0.735 0.265
15.500 0.735 0.265
15.600 0.73 0.27
15.700 0.73 0.27
15.800 0.725 0.275
15.900 0.725 0.275
16.000 0.725 0.275
16.100 0.725 0.275
16.200 0.725 0.275
16.300 0.715 0.285
16.400 0.71 0.29
16.500 0.7 0.3
16.600 0.7 0.3
16.700 0.7 0.3
16.800 0.7 0.3
16.900 0.7 0.3
17.000 0.7 0.3
17.100 0.7 0.3
17.200 0.7 0.3
17.300 0.7 0.3
17.400 0.7 0.3
17.500 0.7 0.3
17.600 0.7 0.3
17.700 0.695 0.305
17.800 0.695 0.305
17.900 0.695 0.305
18.000 0.695 0.305
18.100 0.695 0.305
18.200 0.695 0.305
18.300 0.695 0.305
18.400 0.695 0.305
18.500 0.695 0.305
18.600 0.695 0.305
18.700 0.695 0.305
18.800 0.695 0.305
18.900 0.695 0.305
19.000 0.695 0.305
19.100 0.695 0.305
19.200 0.695 0.305
19.300 0.695 0.305
19.400 0.695 0.305
19.500 0.695 0.305
19.600 0.695 0.305
19.700 0.695 0.305
19.800 0.695 0.305
19.900 0.695 0.305
20.000 0.695 0.305
20.100 0.695 0.305
20.200 0.695 0.305
20.300 0.695 0.305
20.400 0.695 0.305
20.500 0.695 0.305
20.600 0.695 0.305
20.700 0.695 0.305
20.800 0.695 0.305
20.900 0.695 0.305
21.000 0.695 0.305
21.100 0.695 0.305
21.200 0.695 0.305
21.300 0.695 0.305
21.400 0.695 0.305
21.500 0.695 0.305
21.600 0.695 0.305
21.700 0.695 0.305
21.800 0.695 0.305
21.900 0.695 0.305
22.000 0.695 0.305
22.100 0.695 0.305
22.200 0.695 0.305
22.300 0.695 0.305
22.400 0.695 0.305
22.500 0.695 0.305
22.600 0.695 0.305
22.700 0.695 0.305
22.800 0.695 0.305
22.900 0.695 0.305
23.000 0.695 0.305
23.100 0.695 0.305
23.200 0.695 0.305
23.300 0.695 0.305
23.400 0.695 0.305
23.500 0.695 0.305
23.600 0.695 0.305
23.700 0.695 0.305
23.800 0.695 0.305
23.900 0.695 0.305
24.000 0.695 0.305
24.100 0.695 0.305
24.200 0.695 0.305
24.300 0.705 0.295
24.400 0.705 0.295
24.500 0.705 0.295
24.600 0.715 0.285
24.700 0.715 0.285
24.800 0.715 0.285
24.900 0.715 0.285
25.000 0.72 0.28
25.100 0.72 0.28
25.200 0.72 0.28
25.300 0.72 0.28
25.400 0.72 0.28
25.500 0.72 0.28
25.600 0.725 0.275
25.700 0.725 0.275
25.800 0.73 0.27
25.900 0.73 0.27
26.000 0.73 0.27
26.100 0.735 0.265
26.200 0.755 0.245
26.300 0.76 0.24
26.400 0.765 0.235
26.500 0.78 0.22
26.600 0.79 0.21
26.700 0.795 0.205
26.800 0.8 0.2
26.900 0.805 0.195
27.000 0.805 0.195
27.100 0.805 0.195
27.200 0.815 0.185
27.300 0.825 0.175
27.400 0.825 0.175
27.500 0.83 0.17
27.600 0.83 0.17
27.700 0.83 0.17
27.800 0.83 0.17
27.900 0.835 0.165
28.000 0.84 0.16
28.100 0.84 0.16
28.200 0.85 0.15
28.300 0.86 0.14
28.400 0.86 0.14
28.500 0.87 0.13
28.600 0.875 0.125
28.700 0.875 0.125
28.800 0.88 0.12
28.900 0.885 0.115
29.000 0.895 0.105
29.100 0.895 0.105
29.200 0.895 0.105
29.300 0.895 0.105
29.400 0.895 0.105
29.500 0.895 0.105
29.600 0.895 0.105
29.700 0.895 0.105
29.800 0.895 0.105
29.900 0.895 0.105
30.000 0.9 0.1
30.100 0.9 0.1
30.200 0.9 0.1
30.300 0.9 0.1
30.400 0.9 0.1
30.500 0.9 0.1
30.600 0.9 0.1
30.700 0.905 0.095
30.800 0.91 0.09
30.900 0.91 0.09
31.000 0.91 0.09
31.100 0.91 0.09
31.200 0.915 0.085
31.300 0.915 0.085
31.400 0.92 0.08
31.500 0.92 0.08
31.600 0.92 0.08
31.700 0.92 0.08
31.800 0.92 0.08
31.900 0.92 0.08
32.000 0.92 0.08
32.100 0.925 0.075
32.200 0.925 0.075
32.300 0.935 0.065
32.400 0.935 0.065
32.500 0.935 0.065
32.600 0.935 0.065
32.700 0.935 0.065
32.800 0.935 0.065
32.900 0.935 0.065
33.000 0.935 0.065
33.100 0.93 0.07
33.200 0.93 0.07
33.300 0.93 0.07
33.400 0.93 0.07
33.500 0.925 0.075
33.600 0.925 0.075
33.700 0.925 0.075
33.800 0.925 0.075
33.900 0.925 0.075
34.000 0.925 0.075
34.100 0.925 0.075
34.200 0.925 0.075
34.300 0.925 0.075
34.400 0.925 0.075
34.500 0.925 0.075
34.600 0.925 0.075
34.700 0.925 0.075
34.800 0.925 0.075
34.900 0.925 0.075
35.000 0.925 0.075
35.100 0.925 0.075
35.200 0.925 0.075
35.300 0.92 0.08
35.400 0.92 0.08
35.500 0.92 0.08
35.600 0.92 0.08
35.700 0.92 0.08
35.800 0.92 0.08
35.900 0.92 0.08
36.000 0.92 0.08
36.100 0.915 0.085
36.200 0.915 0.085
36.300 0.915 0.085
36.400 0.915 0.085
36.500 0.915 0.085
36.600 0.915 0.085
36.700 0.915 0.085
36.800 0.915 0.085
36.900 0.915 0.085
37.000 0.915 0.085
37.100 0.915 0.085
37.200 0.91 0.09
37.300 0.91 0.09
37.400 0.91 0.09
37.500 0.91 0.09
37.600 0.91 0.09
37.700 0.91 0.09
37.800 0.91 0.09
37.900 0.91 0.09
38.000 0.91 0.09
38.100 0.91 0.09
38.200 0.91 0.09
38.300 0.91 0.09
38.400 0.91 0.09
38.500 0.91 0.09
38.600 0.91 0.09
38.700 0.91 0.09
38.800 0.91 0.09
38.900 0.91 0.09
39.000 0.91 0.09
39.100 0.91 0.09
39.200 0.91 0.09
39.300 0.91 0.09
39.400 0.91 0.09
39.500 0.91 0.09
39.600 0.91 0.09
39.700 0.91 0.09
39.800 0.91 0.09
39.900 0.91 0.09
40.000 0.91 0.09
40.100 0.91 0.09
40.200 0.91 0.09
40.300 0.91 0.09
40.400 0.91 0.09
40.500 0.91 0.09
40.600 0.91 0.09
40.700 0.91 0.09
40.800 0.91 0.09
40.900 0.91 0.09
41.000 0.91 0.09
41.100 0.91 0.09
41.200 0.91 0.09
41.300 0.91 0.09
41.400 0.91 0.09
41.500 0.91 0.09
41.600 0.91 0.09
41.700 0.91 0.09
41.800 0.91 0.09
41.900 0.91 0.09
42.000 0.91 0.09
42.100 0.91 0.09
42.200 0.915 0.085
42.300 0.915 0.085
42.400 0.915 0.085
42.500 0.915 0.085
42.600 0.915 0.085
42.700 0.92 0.08
42.800 0.92 0.08
42.900 0.925 0.075
43.000 0.925 0.075
43.100 0.925 0.075
43.200 0.925 0.075
43.300 0.925 0.075
43.400 0.925 0.075
43.500 0.925 0.075
43.600 0.925 0.075
43.700 0.925 0.075
43.800 0.925 0.075
43.900 0.925 0.075
44.000 0.925 0.075
44.100 0.925 0.075
44.200 0.925 0.075
44.300 0.925 0.075
44.400 0.925 0.075
44.500 0.925 0.075
44.600 0.925 0.075
44.700 0.93 0.07
44.800 0.93 0.07
44.900 0.93 0.07
45.000 0.93 0.07
45.100 0.93 0.07
45.200 0.935 0.065
45.300 0.935 0.065
45.400 0.935 0.065
45.500 0.935 0.065
45.600 0.935 0.065
45.700 0.935 0.065
45.800 0.935 0.065
45.900 0.935 0.065
46.000 0.935 0.065
46.100 0.935 0.065
46.200 0.935 0.065
46.300 0.935 0.065
46.400 0.935 0.065
46.500 0.935 0.065
46.600 0.935 0.065
46.700 0.935 0.065
46.800 0.935 0.065
46.900 0.935 0.065
47.000 0.935 0.065
47.100 0.935 0.065
47.200 0.94 0.06
47.300 0.94 0.06
47.400 0.94 0.06
47.500 0.94 0.06
47.600 0.94 0.06
47.700 0.94 0.06
47.800 0.94 0.06
47.900 0.94 0.06
48.000 0.94 0.06
48.100 0.94 0.06
48.200 0.945 0.055
48.300 0.945 0.055
48.400 0.945 0.055
48.500 0.945 0.055
48.600 0.945 0.055
48.700 0.945 0.055
48.800 0.945 0.055
48.900 0.945 0.055
49.000 0.945 0.055
49.100 0.95 0.05
49.200 0.95 0.05
49.300 0.955 0.045
49.400 0.955 0.045
49.500 0.955 0.045
49.600 0.955 0.045
49.700 0.955 0.045
49.800 0.955 0.045
49.900 0.955 0.045
50.000 0.955 0.045
50.100 0.955 0.045
50.200 0.96 0.04
50.300 0.96 0.04
50.400 0.96 0.04
50.500 0.96 0.04
50.600 0.96 0.04
50.700 0.96 0.04
50.800 0.96 0.04
50.900 0.96 0.04
51.000 0.96 0.04
51.100 0.96 0.04
51.200 0.96 0.04
51.300 0.96 0.04
51.400 0.96 0.04
51.500 0.96 0.04
51.600 0.965 0.035
51.700 0.965 0.035
51.800 0.965 0.035
51.900 0.965 0.035
52.000 0.965 0.035
52.100 0.965 0.035
52.200 0.965 0.035
52.300 0.965 0.035
52.400 0.965 0.035
52.500 0.965 0.035
52.600 0.965 0.035
52.700 0.965 0.035
52.800 0.965 0.035
52.900 0.965 0.035
53.000 0.965 0.035
53.100 0.965 0.035
53.200 0.965 0.035
53.300 0.965 0.035
53.400 0.965 0.035
53.500 0.965 0.035
53.600 0.965 0.035
53.700 0.965 0.035
53.800 0.965 0.035
53.900 0.965 0.035
54.000 0.965 0.035
54.100 0.965 0.035
54.200 0.965 0.035
54.300 0.965 0.035
54.400 0.965 0.035
54.500 0.965 0.035
54.600 0.965 0.035
54.700 0.965 0.035
54.800 0.965 0.035
54.900 0.965 0.035
55.000 0.965 0.035
55.100 0.965 0.035
55.200 0.965 0.035
55.300 0.965 0.035
55.400 0.965 0.035
55.500 0.965 0.035
55.600 0.965 0.035
55.700 0.965 0.035
55.800 0.965 0.035
55.900 0.965 0.035
56.000 0.965 0.035
56.100 0.965 0.035
56.200 0.965 0.035
56.300 0.97 0.03
56.400 0.97 0.03
56.500 0.97 0.03
56.600 0.97 0.03
56.700 0.97 0.03
56.800 0.97 0.03
56.900 0.97 0.03
57.000 0.97 0.03
57.100 0.97 0.03
57.200 0.97 0.03
57.300 0.97 0.03
57.400 0.97 0.03
57.500 0.97 0.03
57.600 0.97 0.03
57.700 0.97 0.03
57.800 0.97 0.03
57.900 0.97 0.03
58.000 0.97 0.03
58.100 0.97 0.03
58.200 0.97 0.03
58.300 0.97 0.03
58.400 0.97 0.03
58.500 0.97 0.03
58.600 0.97 0.03
58.700 0.97 0.03
58.800 0.97 0.03
58.900 0.97 0.03
59.000 0.97 0.03
59.100 0.97 0.03
59.200 0.97 0.03
59.300 0.97 0.03
59.400 0.97 0.03
59.500 0.97 0.03
59.600 0.97 0.03
59.700 0.97 0.03
59.800 0.97 0.03
59.900 0.97 0.03
60.000 0.97 0.03
