0.000 0.0 1.0
0.100 0.0 1.0
0.200 0.0 1.0
0.300 0.0 1.0
0.400 0.0 1.0
0.500 0.0 1.0
0.600 0.0 1.0
0.700 0.0 1.0
0.800 0.0 1.0
0.900 0.0 1.0
1.000 0.0 1.0
1.100 0.0 1.0
1.200 0.0 1.0
1.300 0.0 1.0
1.400 0.0 1.0
1.500 0.0 1.0
1.600 0.0 1.0
1.700 0.0 1.0
1.800 0.0 1.0
1.900 0.0 1.0
2.000 0.0 1.0
2.100 0.0 1.0
2.200 0.0 1.0
2.300 0.0 1.0
2.400 0.0 1.0
2.500 0.0 1.0
2.600 0.0 1.0
2.700 0.0 1.0
2.800 0.0 1.0
2.900 0.0 1.0
3.000 0.0 1.0
3.100 0.0 1.0
3.200 0.0 1.0
3.300 0.0 1.0
3.400 0.0 1.0
3.500 0.0 1.0
3.600 0.0 1.0
3.700 0.0 1.0
3.800 0.0 1.0
3.900 0.0 1.0
4.000 0.0 1.0
4.100 0.0 1.0
4.200 0.0 1.0
4.300 0.0 1.0
4.400 0.0 1.0
4.500 0.0 1.0
4.600 0.0 1.0
4.700 0.0 1.0
4.800 0.0 1.0
4.900 0.0 1.0
5.000 0.0 1.0
5.100 0.0 1.0
5.200 0.0 1.0
5.300 0.0 1.0
5.400 0.0 1.0
5.500 0.0 1.0
5.600 0.0 1.0
5.700 0.005 0.995
5.800 0.005 0.995
5.900 0.01 0.99
6.000 0.015 0.985
6.100 0.02 0.98
6.200 0.02 0.98
6.300 0.02 0.98
6.400 0.03 0.97
6.500 0.045 0.955
6.600 0.05 0.95
6.700 0.06 0.94
6.800 0.065 0.935
6.900 0.075 0.925
7.000 0.09 0.91
7.100 0.12 0.88
7.200 0.135 0.865
7.300 0.145 0.855
7.400 0.155 0.845
7.500 0.17 0.83
7.600 0.2 0.8
7.700 0.235 0.765
7.800 0.265 0.735
7.900 0.305 0.695
8.000 0.34 0.66
8.100 0.355 0.645
8.200 0.385 0.615
8.300 0.415 0.585
8.400 0.44 0.56
8.500 0.465 0.535
8.600 0.475 0.525
8.700 0.5 0.5
8.800 0.525 0.475
8.900 0.54 0.46
9.000 0.55 0.45
9.100 0.565 0.435
9.200 0.58 0.42
9.300 0.6 0.4
9.400 0.605 0.395
9.500 0.63 0.37
9.600 0.64 0.36
9.700 0.66 0.34
9.800 0.685 0.315
9.900 0.7 0.3
10.000 0.71 0.29
10.100 0.72 0.28
10.200 0.725 0.275
10.300 0.73 0.27
10.400 0.73 0.27
10.500 0.74 0.26
10.600 0.75 0.25
10.700 0.755 0.245
10.800 0.765 0.235
10.900 0.775 0.225
11.000 0.785 0.215
11.100 0.795 0.205
11.200 0.805 0.195
11.300 0.81 0.19
11.400 0.81 0.19
11.500 0.81 0.19
11.600 0.81 0.19
11.700 0.825 0.175
11.800 0.83 0.17
11.900 0.84 0.16
12.000 0.845 0.155
12.100 0.845 0.155
12.200 0.845 0.155
12.300 0.85 0.15
12.400 0.855 0.145
12.500 0.85 0.15
12.600 0.855 0.145
12.700 0.855 0.145
12.800 0.855 0.145
12.900 0.855 0.145
13.000 0.855 0.145
13.100 0.855 0.145
13.200 0.85 0.15
13.300 0.845 0.155
13.400 0.84 0.16
13.500 0.835 0.165
13.600 0.815 0.185
13.700 0.805 0.195
13.800 0.805 0.195
13.900 0.8 0.2
14.000 0.8 0.2
14.100 0.8 0.2
14.200 0.8 0.2
14.300 0.795 0.205
14.400 0.78 0.22
14.500 0.775 0.225
14.600 0.755 0.245
14.700 0.755 0.245
14.800 0.745 0.255
14.900 0.745 0.255
15.000 0.735 0.265
15.100 0.73 0.27
15.200 0.725 0.275
15.300 0.725 0.275
15.400 0.72 0.28
15.500 0.72 0.28
15.600 0.71 0.29
15.700 0.705 0.295
15.800 0.705 0.295
15.900 0.7 0.3
16.000 0.7 0.3
16.100 0.695 0.305
16.200 0.69 0.31
16.300 0.69 0.31
16.400 0.68 0.32
16.500 0.68 0.32
16.600 0.68 0.32
16.700 0.675 0.325
16.800 0.675 0.325
16.900 0.67 0.33
17.000 0.67 0.33
17.100 0.67 0.33
17.200 0.67 0.33
17.300 0.67 0.33
17.400 0.67 0.33
17.500 0.67 0.33
17.600 0.67 0.33
17.700 0.67 0.33
17.800 0.665 0.335
17.900 0.665 0.335
18.000 0.665 0.335
18.100 0.665 0.335
18.200 0.665 0.335
18.300 0.665 0.335
18.400 0.665 0.335
18.500 0.665 0.335
18.600 0.665 0.335
18.700 0.665 0.335
18.800 0.665 0.335
18.900 0.665 0.335
19.000 0.665 0.335
19.100 0.665 0.335
19.200 0.665 0.335
19.300 0.665 0.335
19.400 0.665 0.335
19.500 0.665 0.335
19.600 0.665 0.335
19.700 0.665 0.335
19.800 0.665 0.335
19.900 0.665 0.335
20.000 0.665 0.335
20.100 0.665 0.335
20.200 0.665 0.335
20.300 0.665 0.335
20.400 0.665 0.335
20.500 0.665 0.335
20.600 0.665 0.335
20.700 0.665 0.335
20.800 0.665 0.335
20.900 0.665 0.335
21.000 0.665 0.335
21.100 0.67 0.33
21.200 0.67 0.33
21.300 0.67 0.33
21.400 0.67 0.33
21.500 0.67 0.33
21.600 0.67 0.33
21.700 0.67 0.33
21.800 0.67 0.33
21.900 0.67 0.33
22.000 0.67 0.33
22.100 0.67 0.33
22.200 0.67 0.33
22.300 0.67 0.33
22.400 0.67 0.33
22.500 0.67 0.33
22.600 0.67 0.33
22.700 0.67 0.33
22.800 0.67 0.33
22.900 0.67 0.33
23.000 0.67 0.33
23.100 0.67 0.33
23.200 0.67 0.33
23.300 0.67 0.33
23.400 0.67 0.33
23.500 0.67 0.33
23.600 0.67 0.33
23.700 0.67 0.33
23.800 0.67 0.33
23.900 0.67 0.33
24.000 0.67 0.33
24.100 0.67 0.33
24.200 0.67 0.33
24.300 0.67 0.33
24.400 0.67 0.33
24.500 0.67 0.33
24.600 0.67 0.33
24.700 0.67 0.33
24.800 0.67 0.33
24.900 0.68 0.32
25.000 0.68 0.32
25.100 0.68 0.32
25.200 0.68 0.32
25.300 0.68 0.32
25.400 0.68 0.32
25.500 0.68 0.32
25.600 0.68 0.32
25.700 0.68 0.32
25.800 0.685 0.315
25.900 0.69 0.31
26.000 0.69 0.31
26.100 0.69 0.31
26.200 0.695 0.305
26.300 0.695 0.305
26.400 0.695 0.305
26.500 0.695 0.305
26.600 0.695 0.305
26.700 0.7 0.3
26.800 0.71 0.29
26.900 0.71 0.29
27.000 0.72 0.28
27.100 0.73 0.27
27.200 0.74 0.26
27.300 0.74 0.26
27.400 0.745 0.255
27.500 0.745 0.255
27.600 0.76 0.24
27.700 0.76 0.24
27.800 0.77 0.23
27.900 0.77 0.23
28.000 0.78 0.22
28.100 0.79 0.21
28.200 0.79 0.21
28.300 0.795 0.205
28.400 0.795 0.205
28.500 0.8 0.2
28.600 0.815 0.185
28.700 0.82 0.18
28.800 0.835 0.165
28.900 0.835 0.165
29.000 0.835 0.165
29.100 0.84 0.16
29.200 0.845 0.155
29.300 0.855 0.145
29.400 0.855 0.145
29.500 0.86 0.14
29.600 0.865 0.135
29.700 0.875 0.125
29.800 0.88 0.12
29.900 0.88 0.12
30.000 0.875 0.125
30.100 0.88 0.12
30.200 0.88 0.12
30.300 0.88 0.12
30.400 0.88 0.12
30.500 0.885 0.115
30.600 0.885 0.115
30.700 0.885 0.115
30.800 0.885 0.115
30.900 0.89 0.11
31.000 0.895 0.105
31.100 0.895 0.105
31.200 0.895 0.105
31.300 0.895 0.105
31.400 0.9 0.1
31.500 0.905 0.095
31.600 0.905 0.095
31.700 0.9 0.1
31.800 0.905 0.095
31.900 0.905 0.095
32.000 0.905 0.095
32.100 0.905 0.095
32.200 0.905 0.095
32.300 0.905 0.095
32.400 0.9 0.1
32.500 0.9 0.1
32.600 0.905 0.095
32.700 0.905 0.095
32.800 0.91 0.09
32.900 0.91 0.09
33.000 0.91 0.09
33.100 0.91 0.09
33.200 0.91 0.09
33.300 0.91 0.09
33.400 0.91 0.09
33.500 0.91 0.09
33.600 0.91 0.09
33.700 0.915 0.085
33.800 0.915 0.085
33.900 0.915 0.085
34.000 0.915 0.085
34.100 0.915 0.085
34.200 0.915 0.085
34.300 0.915 0.085
34.400 0.915 0.085
34.500 0.915 0.085
34.600 0.915 0.085
34.700 0.915 0.085
34.800 0.915 0.085
34.900 0.915 0.085
35.000 0.915 0.085
35.100 0.915 0.085
35.200 0.91 0.09
35.300 0.91 0.09
35.400 0.91 0.09
35.500 0.905 0.095
35.600 0.905 0.095
35.700 0.905 0.095
35.800 0.905 0.095
35.900 0.905 0.095
36.000 0.905 0.095
36.100 0.905 0.095
36.200 0.905 0.095
36.300 0.905 0.095
36.400 0.905 0.095
36.500 0.905 0.095
36.600 0.905 0.095
36.700 0.905 0.095
36.800 0.905 0.095
36.900 0.905 0.095
37.000 0.905 0.095
37.100 0.905 0.095
37.200 0.905 0.095
37.300 0.905 0.095
37.400 0.905 0.095
37.500 0.905 0.095
37.600 0.905 0.095
37.700 0.905 0.095
37.800 0.905 0.095
37.900 0.905 0.095
38.000 0.905 0.095
38.100 0.905 0.095
38.200 0.905 0.095
38.300 0.905 0.095
38.400 0.905 0.095
38.500 0.905 0.095
38.600 0.905 0.095
38.700 0.905 0.095
38.800 0.905 0.095
38.900 0.905 0.095
39.000 0.905 0.095
39.100 0.905 0.095
39.200 0.905 0.095
39.300 0.905 0.095
39.400 0.905 0.095
39.500 0.905 0.095
39.600 0.905 0.095
39.700 0.905 0.095
39.800 0.905 0.095
39.900 0.905 0.095
40.000 0.905 0.095
40.100 0.905 0.095
40.200 0.905 0.095
40.300 0.905 0.095
40.400 0.905 0.095
40.500 0.905 0.095
40.600 0.905 0.095
40.700 0.905 0.095
40.800 0.905 0.095
40.900 0.905 0.095
41.000 0.905 0.095
41.100 0.905 0.095
41.200 0.905 0.095
41.300 0.905 0.095
41.400 0.905 0.095
41.500 0.905 0.095
41.600 0.905 0.095
41.700 0.905 0.095
41.800 0.905 0.095
41.900 0.905 0.095
42.000 0.905 0.095
42.100 0.905 0.095
42.200 0.905 0.095
42.300 0.91 0.09
42.400 0.91 0.09
42.500 0.91 0.09
42.600 0.91 0.09
42.700 0.91 0.09
42.800 0.91 0.09
42.900 0.91 0.09
43.000 0.91 0.09
43.100 0.91 0.09
43.200 0.91 0.09
43.300 0.91 0.09
43.400 0.91 0.09
43.500 0.91 0.09
43.600 0.91 0.09
43.700 0.91 0.09
43.800 0.91 0.09
43.900 0.91 0.09
44.000 0.91 0.09
44.100 0.91 0.09
44.200 0.91 0.09
44.300 0.91 0.09
44.400 0.91 0.09
44.500 0.91 0.09
44.600 0.91 0.09
44.700 0.91 0.09
44.800 0.91 0.09
44.900 0.91 0.09
45.000 0.91 0.09
45.100 0.91 0.09
45.200 0.91 0.09
45.300 0.91 0.09
45.400 0.915 0.085
45.500 0.915 0.085
45.600 0.915 0.085
45.700 0.915 0.085
45.800 0.92 0.08
45.900 0.92 0.08
46.000 0.92 0.08
46.100 0.92 0.08
46.200 0.925 0.075
46.300 0.925 0.075
46.400 0.925 0.075
46.500 0.925 0.075
46.600 0.925 0.075
46.700 0.925 0.075
46.800 0.925 0.075
46.900 0.925 0.075
47.000 0.925 0.075
47.100 0.925 0.075
47.200 0.925 0.075
47.300 0.925 0.075
47.400 0.925 0.075
47.500 0.925 0.075
47.600 0.93 0.07
47.700 0.93 0.07
47.800 0.93 0.07
47.900 0.93 0.07
48.000 0.93 0.07
48.100 0.93 0.07
48.200 0.935 0.065
48.300 0.935 0.065
48.400 0.935 0.065
48.500 0.935 0.065
48.600 0.935 0.065
48.700 0.935 0.065
48.800 0.935 0.065
48.900 0.945 0.055
49.000 0.945 0.055
49.100 0.95 0.05
49.200 0.95 0.05
49.300 0.95 0.05
49.400 0.95 0.05
49.500 0.95 0.05
49.600 0.95 0.05
49.700 0.95 0.05
49.800 0.95 0.05
49.900 0.95 0.05
50.000 0.95 0.05
50.100 0.95 0.05
50.200 0.95 0.05
50.300 0.95 0.05
50.400 0.95 0.05
50.500 0.95 0.05
50.600 0.95 0.05
50.700 0.95 0.05
50.800 0.95 0.05
50.900 0.95 0.05
51.000 0.95 0.05
51.100 0.95 0.05
51.200 0.95 0.05
51.300 0.95 0.05
51.400 0.95 0.05
51.500 0.95 0.05
51.600 0.95 0.05
51.700 0.95 0.05
51.800 0.95 0.05
51.900 0.95 0.05
52.000 0.95 0.05
52.100 0.95 0.05
52.200 0.95 0.05
52.300 0.95 0.05
52.400 0.955 0.045
52.500 0.955 0.045
52.600 0.955 0.045
52.700 0.955 0.045
52.800 0.955 0.045
52.900 0.955 0.045
53.000 0.955 0.045
53.100 0.955 0.045
53.200 0.955 0.045
53.300 0.955 0.045
53.400 0.955 0.045
53.500 0.955 0.045
53.600 0.955 0.045
53.700 0.955 0.045
53.800 0.955 0.045
53.900 0.955 0.045
54.000 0.955 0.045
54.100 0.955 0.045
54.200 0.955 0.045
54.300 0.955 0.045
54.400 0.955 0.045
54.500 0.955 0.045
54.600 0.955 0.045
54.700 0.955 0.045
54.800 0.955 0.045
54.900 0.955 0.045
55.000 0.955 0.045
55.100 0.955 0.045
55.200 0.955 0.045
55.300 0.955 0.045
55.400 0.95 0.05
55.500 0.95 0.05
55.600 0.95 0.05
55.700 0.95 0.05
55.800 0.95 0.05
55.900 0.95 0.05
56.000 0.95 0.05
56.100 0.95 0.05
56.200 0.95 0.05
56.300 0.95 0.05
56.400 0.95 0.05
56.500 0.95 0.05
56.600 0.95 0.05
56.700 0.95 0.05
56.800 0.95 0.05
56.900 0.95 0.05
57.000 0.95 0.05
57.100 0.95 0.05
57.200 0.95 0.05
57.300 0.95 0.05
57.400 0.95 0.05
57.500 0.95 0.05
57.600 0.95 0.05
57.700 0.95 0.05
57.800 0.95 0.05
57.900 0.95 0.05
58.000 0.95 0.05
58.100 0.95 0.05
58.200 0.95 0.05
58.300 0.95 0.05
58.400 0.95 0.05
58.500 0.95 0.05
58.600 0.95 0.05
58.700 0.95 0.05
58.800 0.95 0.05
58.900 0.95 0.05
59.000 0.95 0.05
59.100 0.95 0.05
59.200 0.95 0.05
59.300 0.95 0.05
59.400 0.95 0.05
59.500 0.95 0.05
59.600 0.95 0.05
59.700 0.95 0.05
59.800 0.95 0.05
59.900 0.95 0.05
60.000 0.95 0.05
