0.000 0.0 1.0
0.100 0.0 1.0
0.200 0.0 1.0
0.300 0.0 1.0
0.400 0.0 1.0
0.500 0.0 1.0
0.600 0.0 1.0
0.700 0.0 1.0
0.800 0.0 1.0
0.900 0.0 1.0
1.000 0.0 1.0
1.100 0.0 1.0
1.200 0.0 1.0
1.300 0.0 1.0
1.400 0.0 1.0
1.500 0.0 1.0
1.600 0.0 1.0
1.700 0.0 1.0
1.800 0.0 1.0
1.900 0.0 1.0
2.000 0.0 1.0
2.100 0.0 1.0
2.200 0.0 1.0
2.300 0.0 1.0
2.400 0.0 1.0
2.500 0.0 1.0
2.600 0.0 1.0
2.700 0.0 1.0
2.800 0.0 1.0
2.900 0.0 1.0
3.000 0.0 1.0
3.100 0.0 1.0
3.200 0.0 1.0
3.300 0.0 1.0
3.400 0.0 1.0
3.500 0.0 1.0
3.600 0.0 1.0
3.700 0.0 1.0
3.800 0.0 1.0
3.900 0.0 1.0
4.000 0.0 1.0
4.100 0.0 1.0
4.200 0.0 1.0
4.300 0.0 1.0
4.400 0.0 1.0
4.500 0.0 1.0
4.600 0.0 1.0
4.700 0.0 1.0
4.800 0.0 1.0
4.900 0.0 1.0
5.000 0.0 1.0
5.100 0.0 1.0
5.200 0.0 1.0
5.300 0.0 1.0
5.400 0.0 1.0
5.500 0.0 1.0
5.600 0.005 0.995
5.700 0.005 0.995
5.800 0.01 0.99
5.900 0.01 0.99
6.000 0.01 0.99
6.100 0.01 0.99
6.200 0.01 0.99
6.300 0.015 0.985
6.400 0.015 0.985
6.500 0.02 0.98
6.600 0.025 0.975
6.700 0.04 0.96
6.800 0.055 0.945
6.900 0.065 0.935
7.000 0.08 0.92
7.100 0.105 0.895
7.200 0.125 0.875
7.300 0.15 0.85
7.400 0.18 0.82
7.500 0.2 0.8
7.600 0.245 0.755
7.700 0.265 0.735
7.800 0.29 0.71
7.900 0.325 0.675
8.000 0.34 0.66
8.100 0.37 0.63
8.200 0.39 0.61
8.300 0.43 0.57
8.400 0.475 0.525
8.500 0.485 0.515
8.600 0.5 0.5
8.700 0.51 0.49
8.800 0.545 0.455
8.900 0.555 0.445
9.000 0.575 0.425
9.100 0.595 0.405
9.200 0.615 0.385
9.300 0.62 0.38
9.400 0.63 0.37
9.500 0.64 0.36
9.600 0.665 0.335
9.700 0.67 0.33
9.800 0.68 0.32
9.900 0.685 0.315
10.000 0.71 0.29
10.100 0.715 0.285
10.200 0.73 0.27
10.300 0.73 0.27
10.400 0.735 0.265
10.500 0.745 0.255
10.600 0.75 0.25
10.700 0.755 0.245
10.800 0.765 0.235
10.900 0.77 0.23
11.000 0.77 0.23
11.100 0.775 0.225
11.200 0.78 0.22
11.300 0.78 0.22
11.400 0.785 0.215
11.500 0.785 0.215
11.600 0.785 0.215
11.700 0.795 0.205
11.800 0.805 0.195
11.900 0.81 0.19
12.000 0.815 0.185
12.100 0.82 0.18
12.200 0.82 0.18
12.300 0.82 0.18
12.400 0.82 0.18
12.500 0.82 0.18
12.600 0.825 0.175
12.700 0.825 0.175
12.800 0.825 0.175
12.900 0.825 0.175
13.000 0.825 0.175
13.100 0.825 0.175
13.200 0.825 0.175
13.300 0.82 0.18
13.400 0.815 0.185
13.500 0.82 0.18
13.600 0.815 0.185
13.700 0.815 0.185
13.800 0.82 0.18
13.900 0.81 0.19
14.000 0.815 0.185
14.100 0.81 0.19
14.200 0.805 0.195
14.300 0.805 0.195
14.400 0.805 0.195
14.500 0.795 0.205
14.600 0.79 0.21
14.700 0.785 0.215
14.800 0.78 0.22
14.900 0.78 0.22
15.000 0.78 0.22
15.100 0.77 0.23
15.200 0.775 0.225
15.300 0.77 0.23
15.400 0.77 0.23
15.500 0.765 0.235
15.600 0.76 0.24
15.700 0.75 0.25
15.800 0.74 0.26
15.900 0.74 0.26
16.000 0.74 0.26
16.100 0.74 0.26
16.200 0.74 0.26
16.300 0.74 0.26
16.400 0.735 0.265
16.500 0.735 0.265
16.600 0.725 0.275
16.700 0.725 0.275
16.800 0.725 0.275
16.900 0.725 0.275
17.000 0.72 0.28
17.100 0.72 0.28
17.200 0.72 0.28
17.300 0.72 0.28
17.400 0.72 0.28
17.500 0.72 0.28
17.600 0.715 0.285
17.700 0.715 0.285
17.800 0.715 0.285
17.900 0.72 0.28
18.000 0.72 0.28
18.100 0.72 0.28
18.200 0.72 0.28
18.300 0.72 0.28
18.400 0.72 0.28
18.500 0.72 0.28
18.600 0.72 0.28
18.700 0.72 0.28
18.800 0.72 0.28
18.900 0.72 0.28
19.000 0.72 0.28
19.100 0.72 0.28
19.200 0.72 0.28
19.300 0.72 0.28
19.400 0.72 0.28
19.500 0.72 0.28
19.600 0.72 0.28
19.700 0.72 0.28
19.800 0.72 0.28
19.900 0.72 0.28
20.000 0.72 0.28
20.100 0.72 0.28
20.200 0.72 0.28
20.300 0.72 0.28
20.400 0.72 0.28
20.500 0.72 0.28
20.600 0.72 0.28
20.700 0.72 0.28
20.800 0.72 0.28
20.900 0.72 0.28
21.000 0.72 0.28
21.100 0.72 0.28
21.200 0.72 0.28
21.300 0.72 0.28
21.400 0.72 0.28
21.500 0.72 0.28
21.600 0.72 0.28
21.700 0.72 0.28
21.800 0.72 0.28
21.900 0.72 0.28
22.000 0.72 0.28
22.100 0.72 0.28
22.200 0.72 0.28
22.300 0.72 0.28
22.400 0.72 0.28
22.500 0.72 0.28
22.600 0.72 0.28
22.700 0.72 0.28
22.800 0.72 0.28
22.900 0.72 0.28
23.000 0.72 0.28
23.100 0.72 0.28
23.200 0.725 0.275
23.300 0.725 0.275
23.400 0.725 0.275
23.500 0.725 0.275
23.600 0.725 0.275
23.700 0.73 0.27
23.800 0.73 0.27
23.900 0.73 0.27
24.000 0.735 0.265
24.100 0.735 0.265
24.200 0.735 0.265
24.300 0.74 0.26
24.400 0.745 0.255
24.500 0.75 0.25
24.600 0.755 0.245
24.700 0.76 0.24
24.800 0.765 0.235
24.900 0.765 0.235
25.000 0.765 0.235
25.100 0.765 0.235
25.200 0.765 0.235
25.300 0.765 0.235
25.400 0.77 0.23
25.500 0.77 0.23
25.600 0.775 0.225
25.700 0.775 0.225
25.800 0.775 0.225
25.900 0.78 0.22
26.000 0.785 0.215
26.100 0.785 0.215
26.200 0.785 0.215
26.300 0.79 0.21
26.400 0.795 0.205
26.500 0.795 0.205
26.600 0.8 0.2
26.700 0.805 0.195
26.800 0.8 0.2
26.900 0.805 0.195
27.000 0.81 0.19
27.100 0.82 0.18
27.200 0.825 0.175
27.300 0.825 0.175
27.400 0.825 0.175
27.500 0.83 0.17
27.600 0.83 0.17
27.700 0.835 0.165
27.800 0.835 0.165
27.900 0.835 0.165
28.000 0.85 0.15
28.100 0.85 0.15
28.200 0.855 0.145
28.300 0.865 0.135
28.400 0.87 0.13
28.500 0.875 0.125
28.600 0.875 0.125
28.700 0.875 0.125
28.800 0.875 0.125
28.900 0.875 0.125
29.000 0.875 0.125
29.100 0.88 0.12
29.200 0.88 0.12
29.300 0.885 0.115
29.400 0.885 0.115
29.500 0.885 0.115
29.600 0.89 0.11
29.700 0.89 0.11
29.800 0.89 0.11
29.900 0.895 0.105
30.000 0.895 0.105
30.100 0.895 0.105
30.200 0.895 0.105
30.300 0.895 0.105
30.400 0.905 0.095
30.500 0.905 0.095
30.600 0.91 0.09
30.700 0.91 0.09
30.800 0.91 0.09
30.900 0.91 0.09
31.000 0.91 0.09
31.100 0.915 0.085
31.200 0.92 0.08
31.300 0.925 0.075
31.400 0.925 0.075
31.500 0.925 0.075
31.600 0.925 0.075
31.700 0.925 0.075
31.800 0.925 0.075
31.900 0.92 0.08
32.000 0.92 0.08
32.100 0.92 0.08
32.200 0.92 0.08
32.300 0.915 0.085
32.400 0.92 0.08
32.500 0.92 0.08
32.600 0.92 0.08
32.700 0.92 0.08
32.800 0.92 0.08
32.900 0.92 0.08
33.000 0.92 0.08
33.100 0.92 0.08
33.200 0.915 0.085
33.300 0.915 0.085
33.400 0.91 0.09
33.500 0.91 0.09
33.600 0.905 0.095
33.700 0.905 0.095
33.800 0.905 0.095
33.900 0.905 0.095
34.000 0.905 0.095
34.100 0.905 0.095
34.200 0.905 0.095
34.300 0.905 0.095
34.400 0.905 0.095
34.500 0.905 0.095
34.600 0.905 0.095
34.700 0.905 0.095
34.800 0.905 0.095
34.900 0.905 0.095
35.000 0.905 0.095
35.100 0.905 0.095
35.200 0.905 0.095
35.300 0.905 0.095
35.400 0.905 0.095
35.500 0.905 0.095
35.600 0.905 0.095
35.700 0.905 0.095
35.800 0.905 0.095
35.900 0.905 0.095
36.000 0.905 0.095
36.100 0.905 0.095
36.200 0.905 0.095
36.300 0.9 0.1
36.400 0.9 0.1
36.500 0.9 0.1
36.600 0.9 0.1
36.700 0.9 0.1
36.800 0.9 0.1
36.900 0.9 0.1
37.000 0.9 0.1
37.100 0.9 0.1
37.200 0.9 0.1
37.300 0.9 0.1
37.400 0.9 0.1
37.500 0.9 0.1
37.600 0.9 0.1
37.700 0.9 0.1
37.800 0.9 0.1
37.900 0.9 0.1
38.000 0.9 0.1
38.100 0.9 0.1
38.200 0.9 0.1
38.300 0.9 0.1
38.400 0.9 0.1
38.500 0.9 0.1
38.600 0.9 0.1
38.700 0.9 0.1
38.800 0.9 0.1
38.900 0.9 0.1
39.000 0.9 0.1
39.100 0.9 0.1
39.200 0.9 0.1
39.300 0.9 0.1
39.400 0.9 0.1
39.500 0.9 0.1
39.600 0.9 0.1
39.700 0.9 0.1
39.800 0.9 0.1
39.900 0.9 0.1
40.000 0.9 0.1
40.100 0.9 0.1
40.200 0.9 0.1
40.300 0.9 0.1
40.400 0.9 0.1
40.500 0.9 0.1
40.600 0.9 0.1
40.700 0.9 0.1
40.800 0.9 0.1
40.900 0.9 0.1
41.000 0.9 0.1
41.100 0.9 0.1
41.200 0.9 0.1
41.300 0.9 0.1
41.400 0.9 0.1
41.500 0.9 0.1
41.600 0.9 0.1
41.700 0.9 0.1
41.800 0.9 0.1
41.900 0.9 0.1
42.000 0.9 0.1
42.100 0.9 0.1
42.200 0.9 0.1
42.300 0.9 0.1
42.400 0.9 0.1
42.500 0.9 0.1
42.600 0.9 0.1
42.700 0.9 0.1
42.800 0.9 0.1
42.900 0.9 0.1
43.000 0.91 0.09
43.100 0.91 0.09
43.200 0.91 0.09
43.300 0.91 0.09
43.400 0.91 0.09
43.500 0.91 0.09
43.600 0.91 0.09
43.700 0.91 0.09
43.800 0.91 0.09
43.900 0.91 0.09
44.000 0.91 0.09
44.100 0.91 0.09
44.200 0.91 0.09
44.300 0.91 0.09
44.400 0.91 0.09
44.500 0.91 0.09
44.600 0.91 0.09
44.700 0.91 0.09
44.800 0.91 0.09
44.900 0.91 0.09
45.000 0.91 0.09
45.100 0.915 0.085
45.200 0.915 0.085
45.300 0.915 0.085
45.400 0.915 0.085
45.500 0.915 0.085
45.600 0.92 0.08
45.700 0.92 0.08
45.800 0.92 0.08
45.900 0.925 0.075
46.000 0.93 0.07
46.100 0.935 0.065
46.200 0.935 0.065
46.300 0.935 0.065
46.400 0.935 0.065
46.500 0.935 0.065
46.600 0.935 0.065
46.700 0.935 0.065
46.800 0.935 0.065
46.900 0.935 0.065
47.000 0.935 0.065
47.100 0.945 0.055
47.200 0.95 0.05
47.300 0.95 0.05
47.400 0.95 0.05
47.500 0.95 0.05
47.600 0.95 0.05
47.700 0.95 0.05
47.800 0.95 0.05
47.900 0.955 0.045
48.000 0.955 0.045
48.100 0.955 0.045
48.200 0.955 0.045
48.300 0.955 0.045
48.400 0.955 0.045
48.500 0.955 0.045
48.600 0.955 0.045
48.700 0.955 0.045
48.800 0.96 0.04
48.900 0.96 0.04
49.000 0.96 0.04
49.100 0.96 0.04
49.200 0.96 0.04
49.300 0.96 0.04
49.400 0.96 0.04
49.500 0.96 0.04
49.600 0.96 0.04
49.700 0.96 0.04
49.800 0.96 0.04
49.900 0.96 0.04
50.000 0.96 0.04
50.100 0.96 0.04
50.200 0.96 0.04
50.300 0.96 0.04
50.400 0.965 0.035
50.500 0.965 0.035
50.600 0.965 0.035
50.700 0.965 0.035
50.800 0.965 0.035
50.900 0.965 0.035
51.000 0.965 0.035
51.100 0.965 0.035
51.200 0.965 0.035
51.300 0.965 0.035
51.400 0.965 0.035
51.500 0.965 0.035
51.600 0.965 0.035
51.700 0.965 0.035
51.800 0.965 0.035
51.900 0.965 0.035
52.000 0.965 0.035
52.100 0.965 0.035
52.200 0.965 0.035
52.300 0.965 0.035
52.400 0.965 0.035
52.500 0.965 0.035
52.600 0.965 0.035
52.700 0.965 0.035
52.800 0.965 0.035
52.900 0.965 0.035
53.000 0.965 0.035
53.100 0.965 0.035
53.200 0.965 0.035
53.300 0.965 0.035
53.400 0.965 0.035
53.500 0.965 0.035
53.600 0.965 0.035
53.700 0.965 0.035
53.800 0.965 0.035
53.900 0.965 0.035
54.000 0.965 0.035
54.100 0.965 0.035
54.200 0.965 0.035
54.300 0.965 0.035
54.400 0.965 0.035
54.500 0.965 0.035
54.600 0.965 0.035
54.700 0.965 0.035
54.800 0.965 0.035
54.900 0.965 0.035
55.000 0.965 0.035
55.100 0.965 0.035
55.200 0.965 0.035
55.300 0.965 0.035
55.400 0.965 0.035
55.500 0.965 0.035
55.600 0.965 0.035
55.700 0.965 0.035
55.800 0.965 0.035
55.900 0.965 0.035
56.000 0.965 0.035
56.100 0.965 0.035
56.200 0.97 0.03
56.300 0.97 0.03
56.400 0.97 0.03
56.500 0.97 0.03
56.600 0.97 0.03
56.700 0.97 0.03
56.800 0.97 0.03
56.900 0.97 0.03
57.000 0.97 0.03
57.100 0.97 0.03
57.200 0.97 0.03
57.300 0.97 0.03
57.400 0.97 0.03
57.500 0.97 0.03
57.600 0.97 0.03
57.700 0.97 0.03
57.800 0.97 0.03
57.900 0.97 0.03
58.000 0.97 0.03
58.100 0.97 0.03
58.200 0.97 0.03
58.300 0.97 0.03
58.400 0.97 0.03
58.500 0.97 0.03
58.600 0.97 0.03
58.700 0.97 0.03
58.800 0.97 0.03
58.900 0.97 0.03
59.000 0.97 0.03
59.100 0.97 0.03
59.200 0.97 0.03
59.300 0.97 0.03
59.400 0.97 0.03
59.500 0.97 0.03
59.600 0.97 0.03
59.700 0.97 0.03
59.800 0.97 0.03
59.900 0.97 0.03
60.000 0.97 0.03
