0.000 0.0 0.05555555555555555 0.18888888888888888 0.7555555555555555
0.500 0.0 0.05555555555555555 0.18888888888888888 0.7555555555555555
1.000 0.0 0.05555555555555555 0.18888888888888888 0.7555555555555555
1.500 0.0 0.05555555555555555 0.1962962962962963 0.7481481481481481
2.000 0.0 0.05185185185185185 0.2111111111111111 0.737037037037037
2.500 0.0 0.04814814814814815 0.22592592592592592 0.725925925925926
3.000 0.0 0.04814814814814815 0.21851851851851853 0.7333333333333333
3.500 0.0 0.04814814814814815 0.22592592592592592 0.725925925925926
4.000 0.0 0.05185185185185185 0.24814814814814815 0.7
4.500 0.0 0.05555555555555555 0.25925925925925924 0.6851851851851852
5.000 0.0 0.05555555555555555 0.25925925925925924 0.6851851851851852
5.500 0.0 0.05925925925925926 0.2777777777777778 0.662962962962963
6.000 0.0 0.06296296296296296 0.28888888888888886 0.6481481481481481
6.500 0.0 0.07777777777777778 0.2851851851851852 0.6370370370370371
7.000 0.0 0.08888888888888889 0.2777777777777778 0.6333333333333333
7.500 0.0 0.1037037037037037 0.27037037037037037 0.6259259259259259
8.000 0.0 0.11481481481481481 0.2777777777777778 0.6074074074074074
8.500 0.0 0.12222222222222222 0.2740740740740741 0.6037037037037037
9.000 0.0 0.11851851851851852 0.2814814814814815 0.6
9.500 0.0 0.13703703703703704 0.2740740740740741 0.5888888888888889
10.000 0.0 0.14444444444444443 0.26666666666666666 0.5888888888888889
10.500 0.0 0.15925925925925927 0.25925925925925924 0.5814814814814815
11.000 0.0 0.17407407407407408 0.25925925925925924 0.5666666666666667
11.500 0.0 0.1814814814814815 0.25555555555555554 0.562962962962963
12.000 0.0 0.1925925925925926 0.24444444444444444 0.562962962962963
12.500 0.0 0.2 0.23703703703703705 0.562962962962963
13.000 0.0 0.2037037037037037 0.24074074074074073 0.5555555555555556
13.500 0.0 0.2074074074074074 0.25555555555555554 0.5370370370370371
14.000 0.0 0.2222222222222222 0.2518518518518518 0.5259259259259259
14.500 0.0 0.22962962962962963 0.24814814814814815 0.5222222222222223
15.000 0.0 0.22962962962962963 0.25555555555555554 0.5148148148148148
15.500 0.0 0.24074074074074073 0.26296296296296295 0.4962962962962963
16.000 0.0 0.23703703703703705 0.26666666666666666 0.4962962962962963
16.500 0.0 0.24074074074074073 0.2777777777777778 0.48148148148148145
17.000 0.0 0.24444444444444444 0.3074074074074074 0.44814814814814813
17.500 0.0 0.26296296296296295 0.28888888888888886 0.44814814814814813
18.000 0.0 0.25925925925925924 0.2962962962962963 0.4444444444444444
18.500 0.0 0.2518518518518518 0.3037037037037037 0.4444444444444444
19.000 0.0 0.2740740740740741 0.28888888888888886 0.43703703703703706
19.500 0.0 0.2777777777777778 0.28888888888888886 0.43333333333333335
20.000 0.0 0.2740740740740741 0.32222222222222224 0.40370370370370373
20.500 0.0 0.2851851851851852 0.31851851851851853 0.3962962962962963
21.000 0.0 0.3 0.3037037037037037 0.3962962962962963
21.500 0.0 0.3074074074074074 0.3037037037037037 0.3888888888888889
22.000 0.0 0.3148148148148148 0.2851851851851852 0.4
22.500 0.0 0.32592592592592595 0.28888888888888886 0.3851851851851852
23.000 0.0 0.31851851851851853 0.29259259259259257 0.3888888888888889
23.500 0.0 0.3074074074074074 0.3111111111111111 0.3814814814814815
24.000 0.0 0.32222222222222224 0.29259259259259257 0.3851851851851852
24.500 0.0 0.31851851851851853 0.29259259259259257 0.3888888888888889
25.000 0.0 0.32222222222222224 0.29259259259259257 0.3851851851851852
25.500 0.0 0.337037037037037 0.2814814814814815 0.3814814814814815
26.000 0.0 0.337037037037037 0.2851851851851852 0.37777777777777777
26.500 0.0 0.3333333333333333 0.2814814814814815 0.3851851851851852
27.000 0.0 0.32592592592592595 0.2814814814814815 0.3925925925925926
27.500 0.0 0.31851851851851853 0.28888888888888886 0.3925925925925926
28.000 0.0 0.32222222222222224 0.2851851851851852 0.3925925925925926
28.500 0.0 0.3296296296296296 0.2777777777777778 0.3925925925925926
29.000 0.0 0.32592592592592595 0.2740740740740741 0.4
29.500 0.0 0.32592592592592595 0.27037037037037037 0.40370370370370373
30.000 0.0 0.32592592592592595 0.2740740740740741 0.4
30.500 0.0 0.3296296296296296 0.2814814814814815 0.3888888888888889
31.000 0.0 0.34074074074074073 0.2962962962962963 0.362962962962963
31.500 0.0 0.34074074074074073 0.3037037037037037 0.35555555555555557
32.000 0.0 0.35185185185185186 0.3037037037037037 0.34444444444444444
32.500 0.0 0.3592592592592593 0.3 0.34074074074074073
33.000 0.0 0.35555555555555557 0.3111111111111111 0.3333333333333333
33.500 0.0 0.362962962962963 0.3148148148148148 0.32222222222222224
34.000 0.0 0.37407407407407406 0.32222222222222224 0.3037037037037037
34.500 0.0 0.3851851851851852 0.3148148148148148 0.3
35.000 0.0 0.3814814814814815 0.31851851851851853 0.3
35.500 0.0 0.3888888888888889 0.3148148148148148 0.2962962962962963
36.000 0.0 0.3851851851851852 0.3111111111111111 0.3037037037037037
36.500 0.0 0.3888888888888889 0.3111111111111111 0.3
37.000 0.0 0.3814814814814815 0.32592592592592595 0.29259259259259257
37.500 0.0 0.3851851851851852 0.31851851851851853 0.2962962962962963
38.000 0.0 0.3962962962962963 0.3111111111111111 0.29259259259259257
38.500 0.0 0.40370370370370373 0.2962962962962963 0.3
39.000 0.0 0.4074074074074074 0.2740740740740741 0.31851851851851853
39.500 0.0 0.40370370370370373 0.2740740740740741 0.32222222222222224
40.000 0.0 0.4148148148148148 0.2740740740740741 0.3111111111111111
40.500 0.0 0.4148148148148148 0.27037037037037037 0.3148148148148148
41.000 0.0 0.4185185185185185 0.27037037037037037 0.3111111111111111
41.500 0.0 0.4185185185185185 0.2740740740740741 0.3074074074074074
42.000 0.0 0.4222222222222222 0.2740740740740741 0.3037037037037037
42.500 0.0 0.4185185185185185 0.2814814814814815 0.3
43.000 0.0 0.4222222222222222 0.2777777777777778 0.3
43.500 0.0 0.42962962962962964 0.26296296296296295 0.3074074074074074
44.000 0.0 0.43703703703703706 0.25555555555555554 0.3074074074074074
44.500 0.0 0.43703703703703706 0.25555555555555554 0.3074074074074074
45.000 0.0 0.4444444444444444 0.25555555555555554 0.3
45.500 0.0 0.44074074074074077 0.26296296296296295 0.2962962962962963
46.000 0.0 0.44074074074074077 0.26296296296296295 0.2962962962962963
46.500 0.0 0.42962962962962964 0.2777777777777778 0.29259259259259257
47.000 0.0 0.4222222222222222 0.28888888888888886 0.28888888888888886
47.500 0.0 0.4111111111111111 0.3 0.28888888888888886
48.000 0.0 0.4148148148148148 0.3 0.2851851851851852
48.500 0.0 0.4111111111111111 0.3037037037037037 0.2851851851851852
49.000 0.0 0.4148148148148148 0.3 0.2851851851851852
49.500 0.0 0.4185185185185185 0.3037037037037037 0.2777777777777778
50.000 0.0 0.42592592592592593 0.3 0.2740740740740741
50.500 0.0 0.42962962962962964 0.3074074074074074 0.26296296296296295
51.000 0.0 0.4185185185185185 0.32222222222222224 0.25925925925925924
51.500 0.0 0.42592592592592593 0.337037037037037 0.23703703703703705
52.000 0.0 0.43333333333333335 0.32592592592592595 0.24074074074074073
52.500 0.0 0.44074074074074077 0.32222222222222224 0.23703703703703705
53.000 0.0 0.43703703703703706 0.31851851851851853 0.24444444444444444
53.500 0.0 0.45555555555555555 0.3037037037037037 0.24074074074074073
54.000 0.0 0.46296296296296297 0.29259259259259257 0.24444444444444444
54.500 0.0 0.45555555555555555 0.3 0.24444444444444444
55.000 0.0 0.4740740740740741 0.2851851851851852 0.24074074074074073
55.500 0.0 0.4666666666666667 0.29259259259259257 0.24074074074074073
56.000 0.0 0.4740740740740741 0.28888888888888886 0.23703703703703705
56.500 0.0 0.4740740740740741 0.2851851851851852 0.24074074074074073
57.000 0.0 0.4703703703703704 0.28888888888888886 0.24074074074074073
57.500 0.0 0.4666666666666667 0.29259259259259257 0.24074074074074073
58.000 0.0 0.4740740740740741 0.27037037037037037 0.25555555555555554
58.500 0.0 0.4962962962962963 0.25925925925925924 0.24444444444444444
59.000 0.0 0.5074074074074074 0.25555555555555554 0.23703703703703705
59.500 0.0 0.4962962962962963 0.27037037037037037 0.23333333333333334
60.000 0.0 0.4888888888888889 0.26666666666666666 0.24444444444444444
60.500 0.0 0.4962962962962963 0.25555555555555554 0.24814814814814815
61.000 0.0 0.4888888888888889 0.26296296296296295 0.24814814814814815
61.500 0.0 0.48518518518518516 0.27037037037037037 0.24444444444444444
62.000 0.0 0.4777777777777778 0.2851851851851852 0.23703703703703705
62.500 0.0 0.48148148148148145 0.28888888888888886 0.22962962962962963
63.000 0.0 0.48518518518518516 0.2851851851851852 0.22962962962962963
63.500 0.0 0.4925925925925926 0.2740740740740741 0.23333333333333334
64.000 0.0 0.4962962962962963 0.2740740740740741 0.22962962962962963
64.500 0.0 0.4925925925925926 0.2814814814814815 0.22592592592592592
65.000 0.0 0.4962962962962963 0.2777777777777778 0.22592592592592592
65.500 0.0 0.4962962962962963 0.2740740740740741 0.22962962962962963
66.000 0.0 0.5 0.2740740740740741 0.22592592592592592
66.500 0.0 0.4925925925925926 0.2814814814814815 0.22592592592592592
67.000 0.0 0.5074074074074074 0.26666666666666666 0.22592592592592592
67.500 0.0 0.4925925925925926 0.2777777777777778 0.22962962962962963
68.000 0.0 0.48518518518518516 0.28888888888888886 0.22592592592592592
68.500 0.0 0.48148148148148145 0.28888888888888886 0.22962962962962963
69.000 0.0 0.4888888888888889 0.2777777777777778 0.23333333333333334
69.500 0.0 0.4888888888888889 0.2777777777777778 0.23333333333333334
70.000 0.0 0.5074074074074074 0.24814814814814815 0.24444444444444444
70.500 0.0 0.5037037037037037 0.24074074074074073 0.25555555555555554
71.000 0.0 0.5074074074074074 0.22962962962962963 0.26296296296296295
71.500 0.0 0.5037037037037037 0.22962962962962963 0.26666666666666666
72.000 0.0 0.4962962962962963 0.23333333333333334 0.27037037037037037
72.500 0.0 0.5 0.22592592592592592 0.2740740740740741
73.000 0.0 0.4888888888888889 0.24814814814814815 0.26296296296296295
73.500 0.0 0.4925925925925926 0.24814814814814815 0.25925925925925924
74.000 0.0 0.4962962962962963 0.25555555555555554 0.24814814814814815
74.500 0.0 0.5074074074074074 0.2518518518518518 0.24074074074074073
75.000 0.0 0.5074074074074074 0.24814814814814815 0.24444444444444444
75.500 0.0 0.5111111111111111 0.2518518518518518 0.23703703703703705
76.000 0.0 0.5111111111111111 0.2518518518518518 0.23703703703703705
76.500 0.0 0.5148148148148148 0.2518518518518518 0.23333333333333334
77.000 0.0 0.5037037037037037 0.25925925925925924 0.23703703703703705
77.500 0.0 0.4962962962962963 0.26296296296296295 0.24074074074074073
78.000 0.0 0.48148148148148145 0.2740740740740741 0.24444444444444444
78.500 0.0 0.48518518518518516 0.27037037037037037 0.24444444444444444
79.000 0.0 0.48148148148148145 0.26666666666666666 0.2518518518518518
79.500 0.0 0.4888888888888889 0.26296296296296295 0.24814814814814815
80.000 0.0 0.4888888888888889 0.26296296296296295 0.24814814814814815
80.500 0.0 0.4925925925925926 0.26296296296296295 0.24444444444444444
81.000 0.0 0.48518518518518516 0.27037037037037037 0.24444444444444444
81.500 0.0 0.48148148148148145 0.2851851851851852 0.23333333333333334
82.000 0.0 0.4777777777777778 0.2962962962962963 0.22592592592592592
82.500 0.0 0.4740740740740741 0.2962962962962963 0.22962962962962963
83.000 0.0 0.4740740740740741 0.29259259259259257 0.23333333333333334
83.500 0.0 0.4703703703703704 0.28888888888888886 0.24074074074074073
84.000 0.0 0.4666666666666667 0.28888888888888886 0.24444444444444444
84.500 0.0 0.4703703703703704 0.2851851851851852 0.24444444444444444
85.000 0.0 0.4666666666666667 0.2962962962962963 0.23703703703703705
85.500 0.0 0.4740740740740741 0.29259259259259257 0.23333333333333334
86.000 0.0 0.4740740740740741 0.29259259259259257 0.23333333333333334
86.500 0.0 0.4740740740740741 0.29259259259259257 0.23333333333333334
87.000 0.0 0.4777777777777778 0.3 0.2222222222222222
87.500 0.0 0.48518518518518516 0.3 0.21481481481481482
88.000 0.0 0.48518518518518516 0.2962962962962963 0.21851851851851853
88.500 0.0 0.4888888888888889 0.2814814814814815 0.22962962962962963
89.000 0.0 0.4925925925925926 0.2851851851851852 0.2222222222222222
89.500 0.0 0.48518518518518516 0.28888888888888886 0.22592592592592592
90.000 0.0 0.4888888888888889 0.2851851851851852 0.22592592592592592
90.500 0.0 0.4777777777777778 0.3 0.2222222222222222
91.000 0.0 0.4666666666666667 0.3111111111111111 0.2222222222222222
91.500 0.0 0.4666666666666667 0.31851851851851853 0.21481481481481482
92.000 0.0 0.4666666666666667 0.31851851851851853 0.21481481481481482
92.500 0.0 0.4703703703703704 0.31851851851851853 0.2111111111111111
93.000 0.0 0.45925925925925926 0.337037037037037 0.2037037037037037
93.500 0.0 0.4703703703703704 0.3296296296296296 0.2
94.000 0.0 0.4666666666666667 0.337037037037037 0.1962962962962963
94.500 0.0 0.45925925925925926 0.34444444444444444 0.1962962962962963
95.000 0.0 0.4703703703703704 0.32592592592592595 0.2037037037037037
95.500 0.0 0.4777777777777778 0.3074074074074074 0.21481481481481482
96.000 0.0 0.4740740740740741 0.3148148148148148 0.2111111111111111
96.500 0.0 0.46296296296296297 0.3333333333333333 0.2037037037037037
97.000 0.0 0.48148148148148145 0.31851851851851853 0.2
97.500 0.0 0.48518518518518516 0.3111111111111111 0.2037037037037037
98.000 0.0 0.4925925925925926 0.3074074074074074 0.2
98.500 0.0 0.48518518518518516 0.3148148148148148 0.2
99.000 0.0 0.48518518518518516 0.3111111111111111 0.2037037037037037
99.500 0.0 0.48518518518518516 0.3037037037037037 0.2111111111111111
100.000 0.0 0.4888888888888889 0.3037037037037037 0.2074074074074074
100.500 0.0 0.4962962962962963 0.29259259259259257 0.2111111111111111
101.000 0.0 0.5037037037037037 0.2777777777777778 0.21851851851851853
101.500 0.0 0.5037037037037037 0.2814814814814815 0.21481481481481482
102.000 0.0 0.5074074074074074 0.2851851851851852 0.2074074074074074
102.500 0.0 0.5074074074074074 0.28888888888888886 0.2037037037037037
103.000 0.0 0.5111111111111111 0.2777777777777778 0.2111111111111111
103.500 0.0 0.5111111111111111 0.2740740740740741 0.21481481481481482
104.000 0.0 0.5111111111111111 0.2851851851851852 0.2037037037037037
104.500 0.0 0.5148148148148148 0.2851851851851852 0.2
105.000 0.0 0.5185185185185185 0.28888888888888886 0.1925925925925926
105.500 0.0 0.5185185185185185 0.2851851851851852 0.1962962962962963
106.000 0.0 0.5259259259259259 0.2777777777777778 0.1962962962962963
106.500 0.0 0.5259259259259259 0.28888888888888886 0.18518518518518517
107.000 0.0 0.5185185185185185 0.3 0.1814814814814815
107.500 0.0 0.5296296296296297 0.2851851851851852 0.18518518518518517
108.000 0.0 0.5333333333333333 0.29259259259259257 0.17407407407407408
108.500 0.0 0.5296296296296297 0.2851851851851852 0.18518518518518517
109.000 0.0 0.5296296296296297 0.29259259259259257 0.17777777777777778
109.500 0.0 0.5370370370370371 0.28888888888888886 0.17407407407407408
110.000 0.0 0.5407407407407407 0.2851851851851852 0.17407407407407408
110.500 0.0 0.5333333333333333 0.28888888888888886 0.17777777777777778
111.000 0.0 0.5407407407407407 0.2814814814814815 0.17777777777777778
111.500 0.0 0.5370370370370371 0.2851851851851852 0.17777777777777778
112.000 0.0 0.5333333333333333 0.2851851851851852 0.1814814814814815
112.500 0.0 0.5333333333333333 0.2814814814814815 0.18518518518518517
113.000 0.0 0.5333333333333333 0.2777777777777778 0.18888888888888888
113.500 0.0 0.5222222222222223 0.28888888888888886 0.18888888888888888
114.000 0.0 0.5333333333333333 0.28888888888888886 0.17777777777777778
114.500 0.0 0.5370370370370371 0.2851851851851852 0.17777777777777778
115.000 0.0 0.5333333333333333 0.28888888888888886 0.17777777777777778
115.500 0.0 0.5333333333333333 0.28888888888888886 0.17777777777777778
116.000 0.0 0.5407407407407407 0.2814814814814815 0.17777777777777778
116.500 0.0 0.5370370370370371 0.2814814814814815 0.1814814814814815
117.000 0.0 0.5407407407407407 0.2814814814814815 0.17777777777777778
117.500 0.0 0.5444444444444444 0.2777777777777778 0.17777777777777778
118.000 0.0 0.5444444444444444 0.2777777777777778 0.17777777777777778
118.500 0.0 0.5370370370370371 0.2814814814814815 0.1814814814814815
119.000 0.0 0.5370370370370371 0.2851851851851852 0.17777777777777778
119.500 0.0 0.5370370370370371 0.29259259259259257 0.17037037037037037
120.000 0.0 0.5407407407407407 0.29259259259259257 0.16666666666666666
120.500 0.0 0.5481481481481482 0.2814814814814815 0.17037037037037037
121.000 0.0 0.5518518518518518 0.2740740740740741 0.17407407407407408
121.500 0.0 0.5555555555555556 0.26666666666666666 0.17777777777777778
122.000 0.0 0.5592592592592592 0.26296296296296295 0.17777777777777778
122.500 0.0 0.5518518518518518 0.2740740740740741 0.17407407407407408
123.000 0.0 0.562962962962963 0.26666666666666666 0.17037037037037037
123.500 0.0 0.5592592592592592 0.27037037037037037 0.17037037037037037
124.000 0.0 0.562962962962963 0.27037037037037037 0.16666666666666666
124.500 0.0 0.562962962962963 0.27037037037037037 0.16666666666666666
125.000 0.0 0.5666666666666667 0.26296296296296295 0.17037037037037037
125.500 0.0 0.5592592592592592 0.26666666666666666 0.17407407407407408
126.000 0.0 0.5555555555555556 0.26296296296296295 0.1814814814814815
126.500 0.0 0.5518518518518518 0.26666666666666666 0.1814814814814815
127.000 0.0 0.5444444444444444 0.27037037037037037 0.18518518518518517
127.500 0.0 0.5370370370370371 0.2851851851851852 0.17777777777777778
128.000 0.0 0.5370370370370371 0.2814814814814815 0.1814814814814815
128.500 0.0 0.5370370370370371 0.2851851851851852 0.17777777777777778
129.000 0.0 0.5370370370370371 0.2814814814814815 0.1814814814814815
129.500 0.0 0.5296296296296297 0.2814814814814815 0.18888888888888888
130.000 0.0 0.5259259259259259 0.2777777777777778 0.1962962962962963
130.500 0.0 0.5333333333333333 0.2740740740740741 0.1925925925925926
131.000 0.0 0.5370370370370371 0.26296296296296295 0.2
131.500 0.0 0.5370370370370371 0.25925925925925924 0.2037037037037037
132.000 0.0 0.5259259259259259 0.26666666666666666 0.2074074074074074
132.500 0.0 0.5222222222222223 0.2740740740740741 0.2037037037037037
133.000 0.0 0.5259259259259259 0.26666666666666666 0.2074074074074074
133.500 0.0 0.5259259259259259 0.26296296296296295 0.2111111111111111
134.000 0.0 0.5333333333333333 0.25555555555555554 0.2111111111111111
134.500 0.0 0.5370370370370371 0.25925925925925924 0.2037037037037037
135.000 0.0 0.5370370370370371 0.25555555555555554 0.2074074074074074
135.500 0.0 0.5370370370370371 0.25925925925925924 0.2037037037037037
136.000 0.0 0.5259259259259259 0.2740740740740741 0.2
136.500 0.0 0.5333333333333333 0.26666666666666666 0.2
137.000 0.0 0.5444444444444444 0.25555555555555554 0.2
137.500 0.0 0.5481481481481482 0.26296296296296295 0.18888888888888888
138.000 0.0 0.5444444444444444 0.26666666666666666 0.18888888888888888
138.500 0.0 0.5555555555555556 0.25555555555555554 0.18888888888888888
139.000 0.0 0.5518518518518518 0.26296296296296295 0.18518518518518517
139.500 0.0 0.5592592592592592 0.25925925925925924 0.1814814814814815
140.000 0.0 0.5555555555555556 0.26296296296296295 0.1814814814814815
140.500 0.0 0.5518518518518518 0.27037037037037037 0.17777777777777778
141.000 0.0 0.5666666666666667 0.25925925925925924 0.17407407407407408
141.500 0.0 0.5777777777777777 0.24814814814814815 0.17407407407407408
142.000 0.0 0.5814814814814815 0.24074074074074073 0.17777777777777778
142.500 0.0 0.5925925925925926 0.22962962962962963 0.17777777777777778
143.000 0.0 0.5888888888888889 0.21851851851851853 0.1925925925925926
143.500 0.0 0.5888888888888889 0.22592592592592592 0.18518518518518517
144.000 0.0 0.5851851851851851 0.24074074074074073 0.17407407407407408
144.500 0.003703703703703704 0.5888888888888889 0.22592592592592592 0.1814814814814815
145.000 0.003703703703703704 0.5777777777777777 0.23333333333333334 0.18518518518518517
145.500 0.003703703703703704 0.5851851851851851 0.2222222222222222 0.18888888888888888
146.000 0.003703703703703704 0.5814814814814815 0.21851851851851853 0.1962962962962963
146.500 0.003703703703703704 0.5703703703703704 0.22592592592592592 0.2
147.000 0.003703703703703704 0.5777777777777777 0.2222222222222222 0.1962962962962963
147.500 0.003703703703703704 0.5851851851851851 0.21481481481481482 0.1962962962962963
148.000 0.003703703703703704 0.5777777777777777 0.21851851851851853 0.2
148.500 0.003703703703703704 0.5777777777777777 0.22592592592592592 0.1925925925925926
149.000 0.003703703703703704 0.5666666666666667 0.23703703703703705 0.1925925925925926
149.500 0.003703703703703704 0.5740740740740741 0.24814814814814815 0.17407407407407408
150.000 0.003703703703703704 0.5740740740740741 0.24444444444444444 0.17777777777777778
150.500 0.003703703703703704 0.5740740740740741 0.24444444444444444 0.17777777777777778
151.000 0.003703703703703704 0.5814814814814815 0.24444444444444444 0.17037037037037037
151.500 0.003703703703703704 0.5740740740740741 0.25925925925925924 0.16296296296296298
152.000 0.003703703703703704 0.5740740740740741 0.2518518518518518 0.17037037037037037
152.500 0.003703703703703704 0.5851851851851851 0.23703703703703705 0.17407407407407408
153.000 0.003703703703703704 0.5814814814814815 0.24814814814814815 0.16666666666666666
153.500 0.003703703703703704 0.5851851851851851 0.24444444444444444 0.16666666666666666
154.000 0.003703703703703704 0.6074074074074074 0.22962962962962963 0.15925925925925927
154.500 0.003703703703703704 0.6111111111111112 0.2222222222222222 0.16296296296296298
155.000 0.003703703703703704 0.6222222222222222 0.21851851851851853 0.15555555555555556
155.500 0.003703703703703704 0.6222222222222222 0.2074074074074074 0.16666666666666666
156.000 0.003703703703703704 0.6296296296296297 0.2 0.16666666666666666
156.500 0.003703703703703704 0.6259259259259259 0.1962962962962963 0.17407407407407408
157.000 0.003703703703703704 0.6222222222222222 0.2037037037037037 0.17037037037037037
157.500 0.003703703703703704 0.6185185185185185 0.2074074074074074 0.17037037037037037
158.000 0.003703703703703704 0.6222222222222222 0.2 0.17407407407407408
158.500 0.003703703703703704 0.6222222222222222 0.1925925925925926 0.1814814814814815
159.000 0.007407407407407408 0.6185185185185185 0.1962962962962963 0.17777777777777778
159.500 0.007407407407407408 0.6222222222222222 0.1925925925925926 0.17777777777777778
160.000 0.007407407407407408 0.6296296296296297 0.18518518518518517 0.17777777777777778
160.500 0.007407407407407408 0.6259259259259259 0.1925925925925926 0.17407407407407408
161.000 0.007407407407407408 0.6259259259259259 0.1962962962962963 0.17037037037037037
161.500 0.007407407407407408 0.6185185185185185 0.2 0.17407407407407408
162.000 0.007407407407407408 0.6185185185185185 0.2 0.17407407407407408
162.500 0.007407407407407408 0.6222222222222222 0.1962962962962963 0.17407407407407408
163.000 0.007407407407407408 0.6185185185185185 0.1962962962962963 0.17777777777777778
163.500 0.007407407407407408 0.6222222222222222 0.1925925925925926 0.17777777777777778
164.000 0.007407407407407408 0.6222222222222222 0.1925925925925926 0.17777777777777778
164.500 0.007407407407407408 0.6370370370370371 0.1814814814814815 0.17407407407407408
165.000 0.007407407407407408 0.6296296296296297 0.1814814814814815 0.1814814814814815
165.500 0.007407407407407408 0.6259259259259259 0.18888888888888888 0.17777777777777778
166.000 0.007407407407407408 0.6222222222222222 0.1962962962962963 0.17407407407407408
166.500 0.007407407407407408 0.6148148148148148 0.1962962962962963 0.1814814814814815
167.000 0.007407407407407408 0.6185185185185185 0.1962962962962963 0.17777777777777778
167.500 0.007407407407407408 0.6185185185185185 0.1962962962962963 0.17777777777777778
168.000 0.007407407407407408 0.6222222222222222 0.2 0.17037037037037037
168.500 0.007407407407407408 0.6296296296296297 0.18518518518518517 0.17777777777777778
169.000 0.007407407407407408 0.6259259259259259 0.1925925925925926 0.17407407407407408
169.500 0.007407407407407408 0.6185185185185185 0.2 0.17407407407407408
170.000 0.007407407407407408 0.6222222222222222 0.1962962962962963 0.17407407407407408
170.500 0.007407407407407408 0.6185185185185185 0.2037037037037037 0.17037037037037037
171.000 0.007407407407407408 0.6148148148148148 0.2074074074074074 0.17037037037037037
171.500 0.007407407407407408 0.6185185185185185 0.2037037037037037 0.17037037037037037
172.000 0.007407407407407408 0.6259259259259259 0.2 0.16666666666666666
172.500 0.007407407407407408 0.6259259259259259 0.2 0.16666666666666666
173.000 0.007407407407407408 0.6185185185185185 0.2111111111111111 0.16296296296296298
173.500 0.007407407407407408 0.6259259259259259 0.2074074074074074 0.15925925925925927
174.000 0.011111111111111112 0.6333333333333333 0.2074074074074074 0.14814814814814814
174.500 0.011111111111111112 0.6259259259259259 0.2074074074074074 0.15555555555555556
175.000 0.011111111111111112 0.6259259259259259 0.2074074074074074 0.15555555555555556
175.500 0.011111111111111112 0.6222222222222222 0.2111111111111111 0.15555555555555556
176.000 0.011111111111111112 0.6222222222222222 0.2074074074074074 0.15925925925925927
176.500 0.011111111111111112 0.6333333333333333 0.2 0.15555555555555556
177.000 0.011111111111111112 0.6333333333333333 0.2 0.15555555555555556
177.500 0.011111111111111112 0.6296296296296297 0.2074074074074074 0.15185185185185185
178.000 0.011111111111111112 0.6259259259259259 0.2074074074074074 0.15555555555555556
178.500 0.011111111111111112 0.6222222222222222 0.21481481481481482 0.15185185185185185
179.000 0.011111111111111112 0.6333333333333333 0.2 0.15555555555555556
179.500 0.011111111111111112 0.6370370370370371 0.1962962962962963 0.15555555555555556
180.000 0.011111111111111112 0.6407407407407407 0.1925925925925926 0.15555555555555556
180.500 0.011111111111111112 0.6407407407407407 0.18518518518518517 0.16296296296296298
181.000 0.011111111111111112 0.6444444444444445 0.1814814814814815 0.16296296296296298
181.500 0.011111111111111112 0.6444444444444445 0.17407407407407408 0.17037037037037037
182.000 0.011111111111111112 0.6444444444444445 0.17407407407407408 0.17037037037037037
182.500 0.011111111111111112 0.6370370370370371 0.17777777777777778 0.17407407407407408
183.000 0.011111111111111112 0.6333333333333333 0.1814814814814815 0.17407407407407408
183.500 0.011111111111111112 0.6296296296296297 0.1925925925925926 0.16666666666666666
184.000 0.011111111111111112 0.6259259259259259 0.2 0.16296296296296298
184.500 0.011111111111111112 0.6222222222222222 0.2074074074074074 0.15925925925925927
185.000 0.011111111111111112 0.6148148148148148 0.2222222222222222 0.15185185185185185
185.500 0.011111111111111112 0.6148148148148148 0.2222222222222222 0.15185185185185185
186.000 0.011111111111111112 0.6185185185185185 0.21851851851851853 0.15185185185185185
186.500 0.011111111111111112 0.6185185185185185 0.2222222222222222 0.14814814814814814
187.000 0.011111111111111112 0.6259259259259259 0.21851851851851853 0.14444444444444443
187.500 0.011111111111111112 0.6259259259259259 0.21851851851851853 0.14444444444444443
188.000 0.011111111111111112 0.6222222222222222 0.2222222222222222 0.14444444444444443
188.500 0.011111111111111112 0.6259259259259259 0.21851851851851853 0.14444444444444443
189.000 0.011111111111111112 0.6222222222222222 0.21851851851851853 0.14814814814814814
189.500 0.011111111111111112 0.6148148148148148 0.22592592592592592 0.14814814814814814
190.000 0.011111111111111112 0.6222222222222222 0.21851851851851853 0.14814814814814814
190.500 0.011111111111111112 0.6259259259259259 0.21481481481481482 0.14814814814814814
191.000 0.011111111111111112 0.6259259259259259 0.21481481481481482 0.14814814814814814
191.500 0.011111111111111112 0.6111111111111112 0.2222222222222222 0.15555555555555556
192.000 0.014814814814814815 0.6037037037037037 0.21481481481481482 0.16666666666666666
192.500 0.014814814814814815 0.6074074074074074 0.2111111111111111 0.16666666666666666
193.000 0.014814814814814815 0.6111111111111112 0.21481481481481482 0.15925925925925927
193.500 0.014814814814814815 0.6111111111111112 0.21851851851851853 0.15555555555555556
194.000 0.014814814814814815 0.6111111111111112 0.22592592592592592 0.14814814814814814
194.500 0.014814814814814815 0.6 0.22592592592592592 0.15925925925925927
195.000 0.014814814814814815 0.5925925925925926 0.22962962962962963 0.16296296296296298
195.500 0.014814814814814815 0.5962962962962963 0.24074074074074073 0.14814814814814814
196.000 0.014814814814814815 0.6074074074074074 0.23333333333333334 0.14444444444444443
196.500 0.014814814814814815 0.6037037037037037 0.23703703703703705 0.14444444444444443
197.000 0.014814814814814815 0.6 0.23333333333333334 0.15185185185185185
197.500 0.014814814814814815 0.5962962962962963 0.23333333333333334 0.15555555555555556
198.000 0.014814814814814815 0.5888888888888889 0.22962962962962963 0.16666666666666666
198.500 0.014814814814814815 0.5962962962962963 0.2222222222222222 0.16666666666666666
199.000 0.014814814814814815 0.6 0.2222222222222222 0.16296296296296298
199.500 0.014814814814814815 0.5925925925925926 0.22962962962962963 0.16296296296296298
200.000 0.014814814814814815 0.6 0.22962962962962963 0.15555555555555556
