TEXAS                                                                           
K                   STRE   1    2.        1.
K                   STRE   2    3.        2.
K                   STRE   3    4.        3.
K                   STRE   4    5.        1.
K                   STRE   5    5.        4.
K                   STRE   6    6.        5.
K                   STRE   7    7.        1.
K                   STRE   8    8.        2.
K                   STRE   9    9.        3.
K                   STRE  10   10.        4.
K                   STRE  11   11.        6.
K                   STRE  12   12.        6.
K          1.0000000BEND  13     4.        1.        5.
          -0.8090170BEND         5.        2.        1.
           0.3090170BEND         1.        3.        2.
           0.3090170BEND         2.        4.        3.
          -0.8090170BEND         3.        5.        4.
K          0.5877853BEND  14     5.        2.        1.
          -0.9510565BEND         1.        3.        2.
           0.9510565BEND         2.        4.        3.
          -0.5877853BEND         3.        5.        4.
K          1.0000000TORS  15     1.        2.        3.        4.
          -0.8090170TORS         2.        3.        4.        5.
           0.3090170TORS         3.        4.        5.        1.
           0.3090170TORS         4.        5.        1.        2.
          -0.8090170TORS         5.        1.        2.        3.
K          0.5877853TORS  16     2.        3.        4.        5.
          -0.9510565TORS         3.        4.        5.        1.
           0.9510565TORS         4.        5.        1.        2.
          -0.5877853TORS         5.        1.        2.        3.
K            1.     BEND  17     2.        7.        1.
            -1.     BEND         5.        7.        1.
K            1.     OUT   18     7.        2.        5.        1.
K            1.     BEND  19     1.        8.        2.
            -1.     BEND         3.        8.        2.
K            1.     OUT   20     8.        1.        3.        2.
K            1.     BEND  21     2.        9.        3.
            -1.     BEND         4.        9.        3.
K            1.     OUT   22     9.        2.        4.        3.
K            1.     BEND  23     3.       10.        4.
            -1.     BEND         5.       10.        4.
K            1.     OUT   24    10.        3.        5.        4.
K            1.     BEND  25     4.        6.        5.
            -1.     BEND         1.        6.        5.
K            1.     OUT   26     6.        4.        1.        5.
K            2.     BEND  27    11.       12.        6.
            -1.     BEND         5.       11.        6.
            -1.     BEND         5.       12.        6.
K            1.     BEND  28     5.       11.        6.
            -1.     BEND         5.       12.        6.
K            1.     OUT   29     5.       11.       12.        6.
K0.5000000   1.     TORS  30    11.        6.        5.        1.
             1.     TORS        12.        6.        5.        1.
             1.     TORS        11.        6.        5.        4.
             1.     TORS        12.        6.        5.        4.
  0.94E+01  0.58E+01  0.95E+01  0.59E+01  0.59E+01  0.10E+02  0.55E+01  0.55E+01
  0.55E+01  0.55E+01  0.55E+01  0.55E+01  0.15E+01  0.15E+01  0.44E+00  0.44E+00
  0.10E+01  0.10E+01  0.10E+01  0.10E+01  0.10E+01  0.10E+01  0.10E+01  0.10E+01
  0.10E+01  0.10E+01  0.10E+01  0.10E+01  0.10E+01  0.12E+01
