0.000 0.0 1.0
0.100 0.0 1.0
0.200 0.0 1.0
0.300 0.0 1.0
0.400 0.0 1.0
0.500 0.0 1.0
0.600 0.0 1.0
0.700 0.0 1.0
0.800 0.0 1.0
0.900 0.0 1.0
1.000 0.0 1.0
1.100 0.0 1.0
1.200 0.0 1.0
1.300 0.0 1.0
1.400 0.0 1.0
1.500 0.0 1.0
1.600 0.0 1.0
1.700 0.0 1.0
1.800 0.0 1.0
1.900 0.0 1.0
2.000 0.0 1.0
2.100 0.0 1.0
2.200 0.0 1.0
2.300 0.0 1.0
2.400 0.0 1.0
2.500 0.0 1.0
2.600 0.0 1.0
2.700 0.0 1.0
2.800 0.0 1.0
2.900 0.0 1.0
3.000 0.0 1.0
3.100 0.0 1.0
3.200 0.0 1.0
3.300 0.0 1.0
3.400 0.0 1.0
3.500 0.0 1.0
3.600 0.0 1.0
3.700 0.0 1.0
3.800 0.0 1.0
3.900 0.0 1.0
4.000 0.0 1.0
4.100 0.0 1.0
4.200 0.0 1.0
4.300 0.0 1.0
4.400 0.0 1.0
4.500 0.005 0.995
4.600 0.005 0.995
4.700 0.005 0.995
4.800 0.01 0.99
4.900 0.01 0.99
5.000 0.015 0.985
5.100 0.015 0.985
5.200 0.015 0.985
5.300 0.015 0.985
5.400 0.015 0.985
5.500 0.015 0.985
5.600 0.01 0.99
5.700 0.01 0.99
5.800 0.01 0.99
5.900 0.015 0.985
6.000 0.02 0.98
6.100 0.015 0.985
6.200 0.035 0.965
6.300 0.04 0.96
6.400 0.06 0.94
6.500 0.075 0.925
6.600 0.09 0.91
6.700 0.095 0.905
6.800 0.11 0.89
6.900 0.115 0.885
7.000 0.125 0.875
7.100 0.145 0.855
7.200 0.17 0.83
7.300 0.18 0.82
7.400 0.195 0.805
7.500 0.215 0.785
7.600 0.24 0.76
7.700 0.275 0.725
7.800 0.325 0.675
7.900 0.355 0.645
8.000 0.375 0.625
8.100 0.42 0.58
8.200 0.445 0.555
8.300 0.45 0.55
8.400 0.47 0.53
8.500 0.48 0.52
8.600 0.49 0.51
8.700 0.52 0.48
8.800 0.53 0.47
8.900 0.54 0.46
9.000 0.55 0.45
9.100 0.585 0.415
9.200 0.59 0.41
9.300 0.595 0.405
9.400 0.605 0.395
9.500 0.615 0.385
9.600 0.625 0.375
9.700 0.635 0.365
9.800 0.65 0.35
9.900 0.655 0.345
10.000 0.665 0.335
10.100 0.67 0.33
10.200 0.675 0.325
10.300 0.68 0.32
10.400 0.68 0.32
10.500 0.68 0.32
10.600 0.68 0.32
10.700 0.69 0.31
10.800 0.69 0.31
10.900 0.7 0.3
11.000 0.7 0.3
11.100 0.705 0.295
11.200 0.705 0.295
11.300 0.705 0.295
11.400 0.715 0.285
11.500 0.72 0.28
11.600 0.72 0.28
11.700 0.725 0.275
11.800 0.715 0.285
11.900 0.72 0.28
12.000 0.72 0.28
12.100 0.72 0.28
12.200 0.72 0.28
12.300 0.72 0.28
12.400 0.715 0.285
12.500 0.715 0.285
12.600 0.72 0.28
12.700 0.72 0.28
12.800 0.73 0.27
12.900 0.73 0.27
13.000 0.725 0.275
13.100 0.73 0.27
13.200 0.725 0.275
13.300 0.725 0.275
13.400 0.725 0.275
13.500 0.715 0.285
13.600 0.715 0.285
13.700 0.71 0.29
13.800 0.71 0.29
13.900 0.71 0.29
14.000 0.71 0.29
14.100 0.71 0.29
14.200 0.695 0.305
14.300 0.7 0.3
14.400 0.695 0.305
14.500 0.685 0.315
14.600 0.685 0.315
14.700 0.685 0.315
14.800 0.675 0.325
14.900 0.675 0.325
15.000 0.675 0.325
15.100 0.675 0.325
15.200 0.67 0.33
15.300 0.665 0.335
15.400 0.67 0.33
15.500 0.665 0.335
15.600 0.66 0.34
15.700 0.66 0.34
15.800 0.645 0.355
15.900 0.635 0.365
16.000 0.635 0.365
16.100 0.635 0.365
16.200 0.625 0.375
16.300 0.615 0.385
16.400 0.615 0.385
16.500 0.61 0.39
16.600 0.61 0.39
16.700 0.6 0.4
16.800 0.6 0.4
16.900 0.6 0.4
17.000 0.6 0.4
17.100 0.6 0.4
17.200 0.6 0.4
17.300 0.605 0.395
17.400 0.6 0.4
17.500 0.6 0.4
17.600 0.6 0.4
17.700 0.595 0.405
17.800 0.59 0.41
17.900 0.59 0.41
18.000 0.59 0.41
18.100 0.59 0.41
18.200 0.59 0.41
18.300 0.59 0.41
18.400 0.59 0.41
18.500 0.59 0.41
18.600 0.59 0.41
18.700 0.59 0.41
18.800 0.59 0.41
18.900 0.59 0.41
19.000 0.59 0.41
19.100 0.59 0.41
19.200 0.59 0.41
19.300 0.59 0.41
19.400 0.59 0.41
19.500 0.59 0.41
19.600 0.59 0.41
19.700 0.59 0.41
19.800 0.59 0.41
19.900 0.59 0.41
20.000 0.59 0.41
20.100 0.59 0.41
20.200 0.59 0.41
20.300 0.59 0.41
20.400 0.59 0.41
20.500 0.59 0.41
20.600 0.59 0.41
20.700 0.59 0.41
20.800 0.59 0.41
20.900 0.59 0.41
21.000 0.59 0.41
21.100 0.59 0.41
21.200 0.59 0.41
21.300 0.59 0.41
21.400 0.59 0.41
21.500 0.59 0.41
21.600 0.59 0.41
21.700 0.59 0.41
21.800 0.59 0.41
21.900 0.59 0.41
22.000 0.59 0.41
22.100 0.59 0.41
22.200 0.59 0.41
22.300 0.59 0.41
22.400 0.59 0.41
22.500 0.59 0.41
22.600 0.59 0.41
22.700 0.59 0.41
22.800 0.59 0.41
22.900 0.59 0.41
23.000 0.59 0.41
23.100 0.59 0.41
23.200 0.59 0.41
23.300 0.59 0.41
23.400 0.59 0.41
23.500 0.59 0.41
23.600 0.59 0.41
23.700 0.59 0.41
23.800 0.59 0.41
23.900 0.59 0.41
24.000 0.59 0.41
24.100 0.59 0.41
24.200 0.6 0.4
24.300 0.6 0.4
24.400 0.6 0.4
24.500 0.605 0.395
24.600 0.605 0.395
24.700 0.615 0.385
24.800 0.62 0.38
24.900 0.625 0.375
25.000 0.635 0.365
25.100 0.635 0.365
25.200 0.635 0.365
25.300 0.635 0.365
25.400 0.645 0.355
25.500 0.645 0.355
25.600 0.65 0.35
25.700 0.655 0.345
25.800 0.67 0.33
25.900 0.675 0.325
26.000 0.675 0.325
26.100 0.685 0.315
26.200 0.69 0.31
26.300 0.695 0.305
26.400 0.69 0.31
26.500 0.695 0.305
26.600 0.695 0.305
26.700 0.7 0.3
26.800 0.705 0.295
26.900 0.71 0.29
27.000 0.715 0.285
27.100 0.73 0.27
27.200 0.73 0.27
27.300 0.735 0.265
27.400 0.735 0.265
27.500 0.745 0.255
27.600 0.745 0.255
27.700 0.755 0.245
27.800 0.76 0.24
27.900 0.76 0.24
28.000 0.765 0.235
28.100 0.765 0.235
28.200 0.765 0.235
28.300 0.775 0.225
28.400 0.775 0.225
28.500 0.775 0.225
28.600 0.785 0.215
28.700 0.785 0.215
28.800 0.785 0.215
28.900 0.79 0.21
29.000 0.79 0.21
29.100 0.79 0.21
29.200 0.795 0.205
29.300 0.795 0.205
29.400 0.8 0.2
29.500 0.81 0.19
29.600 0.81 0.19
29.700 0.815 0.185
29.800 0.82 0.18
29.900 0.825 0.175
30.000 0.83 0.17
30.100 0.835 0.165
30.200 0.835 0.165
30.300 0.84 0.16
30.400 0.84 0.16
30.500 0.84 0.16
30.600 0.845 0.155
30.700 0.84 0.16
30.800 0.84 0.16
30.900 0.84 0.16
31.000 0.845 0.155
31.100 0.845 0.155
31.200 0.845 0.155
31.300 0.845 0.155
31.400 0.845 0.155
31.500 0.845 0.155
31.600 0.845 0.155
31.700 0.845 0.155
31.800 0.85 0.15
31.900 0.85 0.15
32.000 0.855 0.145
32.100 0.86 0.14
32.200 0.86 0.14
32.300 0.865 0.135
32.400 0.87 0.13
32.500 0.87 0.13
32.600 0.875 0.125
32.700 0.875 0.125
32.800 0.875 0.125
32.900 0.875 0.125
33.000 0.875 0.125
33.100 0.87 0.13
33.200 0.875 0.125
33.300 0.875 0.125
33.400 0.875 0.125
33.500 0.875 0.125
33.600 0.875 0.125
33.700 0.875 0.125
33.800 0.88 0.12
33.900 0.88 0.12
34.000 0.88 0.12
34.100 0.875 0.125
34.200 0.875 0.125
34.300 0.875 0.125
34.400 0.875 0.125
34.500 0.87 0.13
34.600 0.865 0.135
34.700 0.865 0.135
34.800 0.865 0.135
34.900 0.86 0.14
35.000 0.855 0.145
35.100 0.855 0.145
35.200 0.85 0.15
35.300 0.845 0.155
35.400 0.845 0.155
35.500 0.845 0.155
35.600 0.845 0.155
35.700 0.845 0.155
35.800 0.845 0.155
35.900 0.845 0.155
36.000 0.845 0.155
36.100 0.845 0.155
36.200 0.845 0.155
36.300 0.845 0.155
36.400 0.845 0.155
36.500 0.845 0.155
36.600 0.84 0.16
36.700 0.84 0.16
36.800 0.845 0.155
36.900 0.845 0.155
37.000 0.845 0.155
37.100 0.845 0.155
37.200 0.845 0.155
37.300 0.845 0.155
37.400 0.845 0.155
37.500 0.845 0.155
37.600 0.845 0.155
37.700 0.845 0.155
37.800 0.845 0.155
37.900 0.845 0.155
38.000 0.845 0.155
38.100 0.845 0.155
38.200 0.845 0.155
38.300 0.845 0.155
38.400 0.845 0.155
38.500 0.845 0.155
38.600 0.845 0.155
38.700 0.845 0.155
38.800 0.84 0.16
38.900 0.84 0.16
39.000 0.84 0.16
39.100 0.84 0.16
39.200 0.84 0.16
39.300 0.84 0.16
39.400 0.84 0.16
39.500 0.84 0.16
39.600 0.84 0.16
39.700 0.84 0.16
39.800 0.84 0.16
39.900 0.84 0.16
40.000 0.84 0.16
40.100 0.84 0.16
40.200 0.84 0.16
40.300 0.84 0.16
40.400 0.84 0.16
40.500 0.84 0.16
40.600 0.84 0.16
40.700 0.84 0.16
40.800 0.84 0.16
40.900 0.84 0.16
41.000 0.84 0.16
41.100 0.84 0.16
41.200 0.84 0.16
41.300 0.84 0.16
41.400 0.84 0.16
41.500 0.84 0.16
41.600 0.84 0.16
41.700 0.84 0.16
41.800 0.845 0.155
41.900 0.845 0.155
42.000 0.85 0.15
42.100 0.85 0.15
42.200 0.85 0.15
42.300 0.85 0.15
42.400 0.85 0.15
42.500 0.85 0.15
42.600 0.85 0.15
42.700 0.85 0.15
42.800 0.85 0.15
42.900 0.85 0.15
43.000 0.85 0.15
43.100 0.85 0.15
43.200 0.85 0.15
43.300 0.85 0.15
43.400 0.85 0.15
43.500 0.85 0.15
43.600 0.85 0.15
43.700 0.855 0.145
43.800 0.855 0.145
43.900 0.855 0.145
44.000 0.855 0.145
44.100 0.855 0.145
44.200 0.86 0.14
44.300 0.86 0.14
44.400 0.86 0.14
44.500 0.86 0.14
44.600 0.86 0.14
44.700 0.865 0.135
44.800 0.865 0.135
44.900 0.87 0.13
45.000 0.875 0.125
45.100 0.875 0.125
45.200 0.875 0.125
45.300 0.875 0.125
45.400 0.875 0.125
45.500 0.875 0.125
45.600 0.885 0.115
45.700 0.895 0.105
45.800 0.895 0.105
45.900 0.895 0.105
46.000 0.895 0.105
46.100 0.89 0.11
46.200 0.905 0.095
46.300 0.905 0.095
46.400 0.905 0.095
46.500 0.905 0.095
46.600 0.905 0.095
46.700 0.905 0.095
46.800 0.905 0.095
46.900 0.905 0.095
47.000 0.905 0.095
47.100 0.905 0.095
47.200 0.91 0.09
47.300 0.91 0.09
47.400 0.91 0.09
47.500 0.91 0.09
47.600 0.915 0.085
47.700 0.92 0.08
47.800 0.92 0.08
47.900 0.92 0.08
48.000 0.92 0.08
48.100 0.92 0.08
48.200 0.92 0.08
48.300 0.92 0.08
48.400 0.92 0.08
48.500 0.925 0.075
48.600 0.93 0.07
48.700 0.93 0.07
48.800 0.925 0.075
48.900 0.925 0.075
49.000 0.93 0.07
49.100 0.93 0.07
49.200 0.93 0.07
49.300 0.93 0.07
49.400 0.93 0.07
49.500 0.93 0.07
49.600 0.93 0.07
49.700 0.93 0.07
49.800 0.93 0.07
49.900 0.925 0.075
50.000 0.925 0.075
50.100 0.925 0.075
50.200 0.925 0.075
50.300 0.925 0.075
50.400 0.925 0.075
50.500 0.925 0.075
50.600 0.925 0.075
50.700 0.925 0.075
50.800 0.925 0.075
50.900 0.925 0.075
51.000 0.93 0.07
51.100 0.93 0.07
51.200 0.93 0.07
51.300 0.93 0.07
51.400 0.93 0.07
51.500 0.93 0.07
51.600 0.93 0.07
51.700 0.93 0.07
51.800 0.93 0.07
51.900 0.93 0.07
52.000 0.93 0.07
52.100 0.93 0.07
52.200 0.93 0.07
52.300 0.93 0.07
52.400 0.93 0.07
52.500 0.93 0.07
52.600 0.93 0.07
52.700 0.93 0.07
52.800 0.93 0.07
52.900 0.93 0.07
53.000 0.925 0.075
53.100 0.92 0.08
53.200 0.92 0.08
53.300 0.92 0.08
53.400 0.92 0.08
53.500 0.92 0.08
53.600 0.92 0.08
53.700 0.92 0.08
53.800 0.92 0.08
53.900 0.92 0.08
54.000 0.91 0.09
54.100 0.915 0.085
54.200 0.915 0.085
54.300 0.915 0.085
54.400 0.915 0.085
54.500 0.915 0.085
54.600 0.915 0.085
54.700 0.915 0.085
54.800 0.915 0.085
54.900 0.915 0.085
55.000 0.915 0.085
55.100 0.915 0.085
55.200 0.915 0.085
55.300 0.915 0.085
55.400 0.915 0.085
55.500 0.915 0.085
55.600 0.915 0.085
55.700 0.915 0.085
55.800 0.915 0.085
55.900 0.915 0.085
56.000 0.915 0.085
56.100 0.915 0.085
56.200 0.915 0.085
56.300 0.915 0.085
56.400 0.915 0.085
56.500 0.915 0.085
56.600 0.915 0.085
56.700 0.915 0.085
56.800 0.915 0.085
56.900 0.915 0.085
57.000 0.915 0.085
57.100 0.915 0.085
57.200 0.915 0.085
57.300 0.915 0.085
57.400 0.915 0.085
57.500 0.915 0.085
57.600 0.915 0.085
57.700 0.915 0.085
57.800 0.915 0.085
57.900 0.915 0.085
58.000 0.915 0.085
58.100 0.915 0.085
58.200 0.915 0.085
58.300 0.915 0.085
58.400 0.915 0.085
58.500 0.915 0.085
58.600 0.92 0.08
58.700 0.92 0.08
58.800 0.92 0.08
58.900 0.92 0.08
59.000 0.92 0.08
59.100 0.92 0.08
59.200 0.915 0.085
59.300 0.915 0.085
59.400 0.915 0.085
59.500 0.915 0.085
59.600 0.915 0.085
59.700 0.915 0.085
59.800 0.915 0.085
59.900 0.915 0.085
60.000 0.915 0.085
