! Basis = aug-cc-pVDZ

a 1
! HYDROGEN       (5s,2p) -> [3s,2p]
! s functions
H    5    3
      1.301000E+01           1.968500E-02           0.000000E+00           0.00000000
      1.962000E+00           1.379770E-01           0.000000E+00           0.00000000
      4.446000E-01           4.781480E-01           0.000000E+00           0.00000000
      1.220000E-01           5.012400E-01           1.000000E+00           0.00000000
      0.0297400              0.00000000             0.00000000             1.0000000
! p functions
H    2    2
      7.270000E-01           1.0000000              0.00000000
      0.1410000              0.00000000             1.0000000
a 6
! CARBON       (10s,5p,2d) -> [4s,3p,2d]
! s functions
H    10    4
      6.665000E+03           6.920000E-04          -1.460000E-04           0.000000E+00           0.00000000
      1.000000E+03           5.329000E-03          -1.154000E-03           0.000000E+00           0.00000000
      2.280000E+02           2.707700E-02          -5.725000E-03           0.000000E+00           0.00000000
      6.471000E+01           1.017180E-01          -2.331200E-02           0.000000E+00           0.00000000
      2.106000E+01           2.747400E-01          -6.395500E-02           0.000000E+00           0.00000000
      7.495000E+00           4.485640E-01          -1.499810E-01           0.000000E+00           0.00000000
      2.797000E+00           2.850740E-01          -1.272620E-01           0.000000E+00           0.00000000
      5.215000E-01           1.520400E-02           5.445290E-01           0.000000E+00           0.00000000
      1.596000E-01          -3.191000E-03           5.804960E-01           1.000000E+00           0.00000000
      0.0469000              0.00000000             0.00000000             0.00000000             1.0000000
! p functions
H    5    3
      9.439000E+00           3.810900E-02           0.000000E+00           0.00000000
      2.002000E+00           2.094800E-01           0.000000E+00           0.00000000
      5.456000E-01           5.085570E-01           0.000000E+00           0.00000000
      1.517000E-01           4.688420E-01           1.000000E+00           0.00000000
      0.0404100              0.00000000             0.00000000             1.0000000
! d functions
H    2    2
      5.500000E-01           1.0000000              0.00000000
      0.1510000              0.00000000             1.0000000
a 7
! NITROGEN       (10s,5p,2d) -> [4s,3p,2d]
! s functions
H    10    4
      9.046000E+03           7.000000E-04          -1.530000E-04           0.000000E+00           0.00000000
      1.357000E+03           5.389000E-03          -1.208000E-03           0.000000E+00           0.00000000
      3.093000E+02           2.740600E-02          -5.992000E-03           0.000000E+00           0.00000000
      8.773000E+01           1.032070E-01          -2.454400E-02           0.000000E+00           0.00000000
      2.856000E+01           2.787230E-01          -6.745900E-02           0.000000E+00           0.00000000
      1.021000E+01           4.485400E-01          -1.580780E-01           0.000000E+00           0.00000000
      3.838000E+00           2.782380E-01          -1.218310E-01           0.000000E+00           0.00000000
      7.466000E-01           1.544000E-02           5.490030E-01           0.000000E+00           0.00000000
      2.248000E-01          -2.864000E-03           5.788150E-01           1.000000E+00           0.00000000
      0.0612400              0.00000000             0.00000000             0.00000000             1.0000000
! p functions
H    5    3
      1.355000E+01           3.991900E-02           0.000000E+00           0.00000000
      2.917000E+00           2.171690E-01           0.000000E+00           0.00000000
      7.973000E-01           5.103190E-01           0.000000E+00           0.00000000
      2.185000E-01           4.622140E-01           1.000000E+00           0.00000000
      0.0561100              0.00000000             0.00000000             1.0000000
! d functions
H    2    2
      8.170000E-01           1.0000000              0.00000000
      0.2300000              0.00000000             1.0000000
