     9.018990     0.407410     0.005025     0.401083    -0.069343    -0.071688     0.098687     0.102822
     0.010455    -0.046905     0.007690     0.000498    -0.297573    -0.155782     0.000138    -0.000002
     0.122858    -0.000195     0.122305    -0.000180    -0.006950     0.000043    -0.001873     0.000180
     0.047620    -0.000140    -0.001982    -0.000925    -0.000005    -0.000110
     0.407410     5.366210     0.407508     0.021597     0.021532    -0.109737    -0.004933     0.074562
     0.074680    -0.004803    -0.001617    -0.001578     0.471025     0.000082    -0.000027    -0.000088
    -0.015278     0.000028    -0.115695    -0.000050     0.115558    -0.000045    -0.015315     0.000147
     0.000095     0.000088     0.008452     0.000068    -0.000005     0.000123
     0.005025     0.407508     9.019035    -0.069517     0.400925    -0.071820    -0.046908     0.010558
     0.102655     0.098705     0.000388     0.007820    -0.297523     0.155793    -0.000123     0.000028
    -0.001842     0.000012     0.007080     0.000015    -0.122420    -0.000155     0.123122     0.000007
    -0.047630     0.000205    -0.001930     0.001015     0.000015     0.000263
     0.401083     0.021597    -0.069517     5.362995     0.315135     0.390047     0.069165     0.001283
    -0.046290     0.003465     0.012750    -0.008717     0.087935     0.264155    -0.000177    -0.000073
    -0.110617    -0.000032    -0.014915    -0.000020    -0.000772    -0.000017     0.014975     0.000043
    -0.191365     0.000185    -0.014980    -0.039488    -0.000002     0.000117
    -0.069343     0.021532     0.400925     0.315135     5.363155     0.390053     0.003340    -0.046285
     0.001143     0.069307    -0.008670     0.012713     0.087895    -0.264150     0.000050    -0.000080
     0.014930    -0.000060     0.000925    -0.000025     0.014992    -0.000003    -0.110602    -0.000190
     0.191257     0.000065    -0.014795     0.039483    -0.000012    -0.000047
    -0.071688    -0.109737    -0.071820     0.390047     0.390053     9.387865     0.014625     0.008320
     0.008272     0.014515     0.093872     0.094128    -0.282055    -0.000058    -0.000070     0.000078
     0.011815     0.000005     0.008285    -0.000023    -0.008440    -0.000023     0.011695     0.000410
    -0.000077     0.000088    -0.208957     0.000138    -0.000020     0.000030
     0.098687    -0.004933    -0.046908     0.069165     0.003340     0.014625     6.346000     0.012273
     0.002450     0.002700     0.007522     0.000940     0.120033    -0.094942     0.000020    -0.000000
     0.001945    -0.000045    -0.003103     0.000002     0.007447    -0.000010    -0.006263     0.000040
     0.005087    -0.000053    -0.006360     0.002800    -0.000005    -0.000052
     0.102822     0.074562     0.010558     0.001283    -0.046285     0.008320     0.012273     6.338355
     0.012960     0.002410     0.001040     0.001410    -0.059600     0.141942    -0.000065     0.000000
    -0.002660    -0.000007     0.003570    -0.000037     0.003250     0.000007     0.006210     0.000042
    -0.006730    -0.000083    -0.001673    -0.002490    -0.000015    -0.000090
     0.010455     0.074680     0.102655    -0.046290     0.001143     0.008272     0.002450     0.012960
     6.338425     0.012213     0.001577     0.001170    -0.059535    -0.141960     0.000058     0.000005
     0.006273    -0.000003    -0.003210     0.000005    -0.003662    -0.000060    -0.002620     0.000043
     0.006770     0.000117    -0.001565     0.002485    -0.000008     0.000117
    -0.046905    -0.004803     0.098705     0.003465     0.069307     0.014515     0.002700     0.002410
     0.012213     6.346160     0.000862     0.007477     0.120103     0.094927    -0.000018     0.000012
    -0.006275    -0.000005    -0.007428    -0.000005     0.003020     0.000000     0.001922     0.000058
    -0.005123     0.000057    -0.006245    -0.002817     0.000002     0.000067
     0.007690    -0.001617     0.000388     0.012750    -0.008670     0.093872     0.007522     0.001040
     0.001577     0.000862     6.245965     0.045613    -0.014680    -0.009513     0.000035     0.000000
    -0.010013    -0.000003    -0.000380     0.000010    -0.004060    -0.000005     0.002065     0.000028
     0.052740     0.000008     0.066278     0.099815     0.000002    -0.000005
     0.000498    -0.001578     0.007820    -0.008717     0.012713     0.094128     0.000940     0.001410
     0.001170     0.007477     0.045613     6.245985    -0.014675     0.009515    -0.000005    -0.000007
     0.002055     0.000000     0.004045    -0.000005     0.000395     0.000000    -0.010008     0.000015
    -0.052712    -0.000012     0.066283    -0.099825    -0.000002    -0.000015
    -0.297573     0.471025    -0.297523     0.087935     0.087895    -0.282055     0.120033    -0.059600
    -0.059535     0.120103    -0.014680    -0.014675     1.854110    -0.000005     0.000075    -0.000028
    -0.047380    -0.000068    -0.077192     0.000027     0.077115     0.000042    -0.047345    -0.000045
    -0.000005    -0.000018     0.029777    -0.000038     0.000012     0.000000
    -0.155782     0.000082     0.155793     0.264155    -0.264150    -0.000058    -0.094942     0.141942
    -0.141960     0.094927    -0.009513     0.009515    -0.000005     1.723555     0.000010    -0.000010
    -0.059355     0.000060    -0.025767    -0.000062    -0.025770     0.000055     0.059362    -0.000000
    -0.126412    -0.000050     0.000023    -0.022695    -0.000002    -0.000077
     0.000138    -0.000027    -0.000123    -0.000177     0.000050    -0.000070     0.000020    -0.000065
     0.000058    -0.000018     0.000035    -0.000005     0.000075     0.000010     0.478340     0.000000
    -0.000005    -0.161430    -0.000008    -0.180283    -0.000008     0.180280     0.000005    -0.161430
     0.000155     0.000000     0.000002    -0.000030    -0.000002     0.058463
    -0.000002    -0.000088     0.000028    -0.000073    -0.000080     0.000078    -0.000000     0.000000
     0.000005     0.000012     0.000000    -0.000007    -0.000028    -0.000010     0.000000     0.406655
     0.000013    -0.170615    -0.000005    -0.098752     0.000005    -0.098752     0.000010     0.170623
    -0.000002    -0.027107    -0.000003     0.000000     0.014457     0.000003
     0.122858    -0.015278    -0.001842    -0.110617     0.014930     0.011815     0.001945    -0.002660
     0.006273    -0.006275    -0.010013     0.002055    -0.047380    -0.059355    -0.000005     0.000013
     0.526660     0.000010    -0.012603     0.000003     0.014932    -0.000007     0.014793    -0.000007
    -0.018155    -0.000013     0.003082     0.000498     0.000000    -0.000013
    -0.000195     0.000028     0.000012    -0.000032    -0.000060     0.000005    -0.000045    -0.000007
    -0.000003    -0.000005    -0.000003     0.000000    -0.000068     0.000060    -0.161430    -0.170615
     0.000010     0.387685     0.000000     0.094555    -0.000005    -0.020913     0.000002    -0.034873
    -0.000003     0.019455     0.000002     0.000005    -0.001647    -0.000607
     0.122305    -0.115695     0.007080    -0.014915     0.000925     0.008285    -0.003103     0.003570
    -0.003210    -0.007428    -0.000380     0.004045    -0.077192    -0.025767    -0.000008    -0.000005
    -0.012603     0.000000     0.539430     0.000010     0.012198    -0.000002    -0.014922     0.000020
    -0.020497     0.000007    -0.001988    -0.005185     0.000000    -0.000000
    -0.000180    -0.000050     0.000015    -0.000020    -0.000025    -0.000023     0.000002    -0.000037
     0.000005    -0.000005     0.000010    -0.000005     0.000027    -0.000062    -0.180283    -0.098752
     0.000003     0.094555     0.000010     0.413125     0.000005    -0.009247    -0.000003     0.020907
     0.000010    -0.023715     0.000005     0.000005    -0.008787    -0.031880
    -0.006950     0.115558    -0.122420    -0.000772     0.014992    -0.008440     0.007447     0.003250
    -0.003662     0.003020    -0.004060     0.000395     0.077115    -0.025770    -0.000008     0.000005
     0.014932    -0.000005     0.012198     0.000005     0.539495    -0.000008     0.012612     0.000005
    -0.020515    -0.000017     0.001963    -0.005173     0.000005    -0.000035
     0.000043    -0.000045    -0.000155    -0.000017    -0.000003    -0.000023    -0.000010     0.000007
    -0.000060     0.000000    -0.000005     0.000000     0.000042     0.000055     0.180280    -0.098752
    -0.000007    -0.020913    -0.000002    -0.009247    -0.000008     0.413120    -0.000005    -0.094558
    -0.000015    -0.023718     0.000000     0.000000    -0.008793     0.031877
    -0.001873    -0.015315     0.123122     0.014975    -0.110602     0.011695    -0.006263     0.006210
    -0.002620     0.001922     0.002065    -0.010008    -0.047345     0.059362     0.000005     0.000010
     0.014793     0.000002    -0.014922    -0.000003     0.012612    -0.000005     0.526720    -0.000025
     0.018165    -0.000028     0.003087    -0.000495     0.000000    -0.000022
     0.000180     0.000147     0.000007     0.000043    -0.000190     0.000410     0.000040     0.000042
     0.000043     0.000058     0.000028     0.000015    -0.000045    -0.000000    -0.161430     0.170623
    -0.000007    -0.034873     0.000020     0.020907     0.000005    -0.094558    -0.000025     0.387695
    -0.000045    -0.019455    -0.000008    -0.000015     0.001645    -0.000605
     0.047620     0.000095    -0.047630    -0.191365     0.191257    -0.000077     0.005087    -0.006730
     0.006770    -0.005123     0.052740    -0.052712    -0.000005    -0.126412     0.000155    -0.000002
    -0.018155    -0.000003    -0.020497     0.000010    -0.020515    -0.000015     0.018165    -0.000045
     0.732880    -0.000010     0.000035     0.113065     0.000000    -0.000023
    -0.000140     0.000088     0.000205     0.000185     0.000065     0.000088    -0.000053    -0.000083
     0.000117     0.000057     0.000008    -0.000012    -0.000018    -0.000050     0.000000    -0.027107
    -0.000013     0.019455     0.000007    -0.023715    -0.000017    -0.023718    -0.000028    -0.019455
    -0.000010     0.406955    -0.000005    -0.000028     0.047433     0.000000
    -0.001982     0.008452    -0.001930    -0.014980    -0.014795    -0.208957    -0.006360    -0.001673
    -0.001565    -0.006245     0.066278     0.066283     0.029777     0.000023     0.000002    -0.000003
     0.003082     0.000002    -0.001988     0.000005     0.001963     0.000000     0.003087    -0.000008
     0.000035    -0.000005     0.547585    -0.000005    -0.000002     0.000000
    -0.000925     0.000068     0.001015    -0.039488     0.039483     0.000138     0.002800    -0.002490
     0.002485    -0.002817     0.099815    -0.099825    -0.000038    -0.022695    -0.000030     0.000000
     0.000498     0.000005    -0.005185     0.000005    -0.005173     0.000000    -0.000495    -0.000015
     0.113065    -0.000028    -0.000005     0.620395     0.000000    -0.000018
    -0.000005    -0.000005     0.000015    -0.000002    -0.000012    -0.000020    -0.000005    -0.000015
    -0.000008     0.000002     0.000002    -0.000002     0.000012    -0.000002    -0.000002     0.014457
     0.000000    -0.001647     0.000000    -0.008787     0.000005    -0.008793     0.000000     0.001645
     0.000000     0.047433    -0.000002     0.000000     0.232570     0.000000
    -0.000110     0.000123     0.000263     0.000117    -0.000047     0.000030    -0.000052    -0.000090
     0.000117     0.000067    -0.000005    -0.000015     0.000000    -0.000077     0.058463     0.000003
    -0.000013    -0.000607    -0.000000    -0.031880    -0.000035     0.031877    -0.000022    -0.000605
    -0.000023     0.000000     0.000000    -0.000018     0.000000     0.546950
